2585 38 2 6 5901 273 36 8 7 11 7 100 39 518 2508 3479 14 116 45 10 40 62 7 2539 52 49 53 20 95 83 73 40 3 104 19 13 218 153 14 105 21 228 61 150 36 27 25 169 56 153 11 0 1180 1058 925 27 12 4 8 14 26 51 81 454 2995 18 142 9 84 82 73 7 17 49 9 525 0 4 0 605 1043 66 5 7 1 0 23 27 21 132 868 0 1 0 2 0 0 0 176 2 2 9 3 1 16 152 7 0 0 0 0 1 2 2 1 1 69 0 2 1 0 5 5 1 1 0 1 16 51 53 2 0 0 0 0 0 0 12 197 68 5 140 4 1 3 545 4 1 1 0
38 17872 2 6 26 13 4 0 4 53 504 38 15 44 134 61 52 55 11286 5468 8604 1090 531 250 479 48 510 16 62 836 3 1 27 601 95 33 6322 704 6 5 20 385 6965 826 583 14 0 102 219 31 528 76 39 3 8 14 305 5836 3640 1932 5132 2398 2 32 168 281 39 8 26 16 10 4 542 496 24 1 4 2 0 1 0 0 0 1 1 51 0 0 0 1 5 0 7 16 160 18 23 4 1 2 0 27 2 0 65 1 0 0 25 2 0 29 23 0 0 1 29 41 9 40 1 3 0 14 0 4 1 0 1 0 0 18 3 10 0 3 7 0 1 4 72 3 1 0 1 0 3 1 17 0
2 2 32404 36 2 85 100 2059 32 3 2 23 0 4 17 12560 91 18 16 17 0 4 0 8 24 58 1025 3053 10091 894 1 1 21 19 1 11 11 8 0 5 26 35 2 2 2 6888 5754 0 164 19 1 0 3 1 3 2 8 0 3 0 0 2 2 1 3 6 2695 427 5 248 1 20 2 7 9 4 0 5502 212 12 7 25 484 40 29 2 134 6 5 137 1783 23 20 7 3 0 3 30 5 100 579 1006 1108 2663 943 2 0 37 115 10 47 11 47 2 1 175 84 4 7 8 1062 1379 7 43 34 3 1 18 5 49 28 21 0 4 2 4 5 1 2 4 11 789 535 60 489 0 62 4 36 23
6 6 36 14730 2 0 1 1 2 4 1 1854 1 64 114 930 1620 686 28 3 4 0 0 27 158 13734 124 5056 3152 72 0 0 118 528 4 486 475 300 5 57 1652 17 6 51 4 1461 1 16 594 4396 34 0 27 0 15 144 34 1 5 4 19 2 5 2 4 3 24 2156 312 1096 1 1 22 169 90 0 0 223 5 0 0 0 5 3 1 0 4 0 0 9 63 1 1 1 1 0 0 0 1 5 27 58 56 67 50 0 0 2 7 2 1 1 0 0 0 12 3 1 0 0 60 49 0 1 2 0 0 2 1 1 0 2 0 0 0 0 0 1 0 0 0 34 51 4 18 0 3 0 1 0
5901 26 2 2 3306 395 71 11 16 22 12 29 29 115 4207 5828 15 87 30 11 18 42 3 1069 20 13 19 4 46 103 26 9 2 34 9 3 61 36 13 26 6 243 37 51 19 12 34 275 40 35 3 1 310 1679 960 7 3 5 3 7 16 40 114 63 359 9 194 4 18 28 69 16 5 21 0 641 0 0 1 879 1357 51 4 5 1 0 16 39 14 177 1085 0 1 2 0 0 0 0 199 0 4 7 2 2 9 111 2 0 4 0 0 2 1 5 2 0 78 0 2 0 2 8 2 0 3 0 1 15 55 48 0 2 0 0 0 1 1 14 136 67 1 244 1 1 0 499 4 1 1 0
273 13 85 0 395 31202 4689 914 604 1030 140 11 7 35 114 18713 3 18 10 7 11 42 115 920 5 3 85 12 6 2421 1488 3167 2 43 4 4 20 27 3 2 5 2730 19 93 278 1 1328 16 22 5 2 0 23 8 29 3 5 1 2 2 9 83 14 1747 131 85 8324 16 0 4 5460 869 1 7 4 1997 1 8 0 2723 3412 202 24 11 11 3 19 84 38 712 4468 0 5 2 16 0 1 1 516 3 4 12 6 6 31 374 14 0 6 1 1 7 4 13 10 7 751 2 1 4 3 10 14 4 9 1 0 26 199 124 0 1 0 1 0 0 0 57 924 171 8 1214 3 5 2 1597 10 1 7 1
36 4 100 1 71 4689 13711 3625 411 367 70 31 0 51 190 16107 1 9 6 1 1 10 31 57 2 3 44 2 19 1364 17 121 1 9 1 0 7 6 5 8 1 349 3 7 113 1 1519 4 7 9 2 0 24 10 78 0 0 1 0 0 2 14 9 41 7 43 2084 7 2 4 35 650 3 1 0 34 0 67 9 110 86 560 246 17 10 2 79 7 26 561 4127 0 6 2 1 2 2 2 11 18 1 29 5 30 60 3 0 0 3 0 0 5 7 3 5 0 146 2 0 2 7 74 1 0 5 0 0 58 60 382 1 2 0 0 2 2 0 5 13 2 4 522 3 36 57 18 21 2 7 0
8 0 2059 1 11 914 3625 6785 489 167 36 73 0 20 47 10220 2 5 1 1 1 2 6 10 2 2 61 39 646 858 1 9 0 4 0 2 2 1 2 7 2 69 2 3 58 4 3706 1 2 12 0 0 10 4 17 1 0 0 1 0 0 10 2 12 1 17 2402 12 5 49 5 358 0 3 0 10 0 671 11 14 20 105 351 4 3 0 37 0 2 215 3002 1 3 4 0 1 0 1 3 8 7 50 20 583 66 1 0 1 2 1 0 4 1 0 0 1 22 0 0 1 26 79 1 0 6 0 0 13 3 120 2 0 0 0 0 1 0 2 1 0 0 432 15 51 351 5 6 0 8 0
7 4 32 2 16 604 411 489 2153 1193 468 7 1 7 8 288 3 2 14 8 6 17 55 20 9 28 133 3 4 5186 5 11 25 144 5 24 71 77 0 0 21 160 9 35 347 1 416 9 40 4 5 0 2 0 2 4 5 0 0 0 12 18 0 6 14 140 1589 10 1 1 9 4032 5 36 10 5 0 44 5 10 6 12 1 7 3 1 4 1 0 8 62 1 0 1 2 1 1 0 1 9 13 57 17 11 63 1 0 3 11 1 3 8 6 0 1 7 44 0 0 1 18 38 0 4 0 0 0 2 5 7 1 2 0 1 0 0 1 0 3 2 11 74 30 0 3 3 9 0 7 1
11 53 3 4 22 1030 367 167 1193 1391 302 2 1 12 12 490 4 8 57 119 77 1529 379 35 26 40 60 1 5 1767 3 31 18 187 9 30 219 103 2 4 15 453 109 65 2706 2 48 10 108 3 25 4 3 1 0 16 32 6 15 4 41 459 1 25 19 577 1490 1 2 0 14 210 7 66 18 11 2 6 1 14 15 24 6 5 3 5 5 0 1 19 140 1 2 1 7 0 3 0 3 3 5 22 5 3 36 6 0 1 7 2 2 6 4 0 0 0 39 1 3 1 3 5 0 4 2 0 0 2 3 25 3 0 0 0 0 1 1 0 10 3 11 28 7 0 3 11 7 1 1 0
7 504 2 1 12 140 70 36 468 302 40397 19 4 21 17 115 24 19 1403 13054 295 13923 187 70 66 96 139 3 11 5078 2 1 61 571 38 89 783 288 3 3 45 451 9513 151 18969 3 58 40 313 8 74 21 10 0 2 24 42 290 1623 20 76 1037 2 12 51 3592 339 4 6 5 3 300 22 242 57 2 44 7 1 2 3 5 1 11 5 460 3 0 0 2 35 5 9 86 880 105 163 38 16 27 10 84 2 1 230 0 0 2 104 12 5 101 87 0 0 7 168 334 39 308 1 8 6 82 0 29 15 0 1 4 0 84 28 67 2 43 66 0 6 11 411 33 4 0 0 1 14 15 53 2
100 38 23 1854 29 11 31 73 7 2 19 10678 107 5162 6015 7318 1426 2667 129 30 29 15 10 467 515 5076 319 820 4191 216 0 0 125 1717 39 809 2675 1591 62 2281 1512 55 30 223 20 552 11 216 512 16258 160 1 3580 22 3133 481 94 5 5 59 151 21 84 4 152 13 39 365 8236 2767 1 5 167 534 160 2 0 141 6 12 6 95 37 3 4 2 14 0 7 142 756 0 1 1 3 0 0 0 1 5 26 51 28 60 43 0 0 1 8 2 2 8 9 1 1 5 9 0 0 1 49 36 0 3 1 0 0 19 1 72 1 3 0 0 0 0 1 3 0 0 4 49 30 8 39 0 6 0 2 0
39 15 0 1 29 7 0 0 1 1 4 107 667 2735 91 256 13 308 17 9 13 44 2 3223 5 14 12 8 14 38 0 0 2 27 8 4 29 18 2409 147 8 21 38 25 15 5 0 3665 73 650 1 0 51 2 34 3 1 2 4 2 11 22 10 1 200 6 6 1 4 10 1 3 2 8 1 9 0 2 0 14 12 2 0 1 0 0 1 0 0 9 39 0 0 0 2 1 0 0 0 1 1 3 0 0 9 0 0 1 0 0 0 0 1 0 1 0 3 1 0 1 0 2 0 0 0 0 0 1 5 0 0 0 0 0 0 0 0 0 1 0 0 7 2 0 0 1 1 0 0 0
518 44 4 64 115 35 51 20 7 12 21 5162 2735 20112 3453 3701 173 1991 83 36 46 79 8 6821 88 460 81 110 452 113 0 0 24 459 18 172 639 425 664 4477 292 36 99 92 44 163 19 1060 359 8482 39 4 4193 52 1258 69 20 8 10 21 54 45 532 1 1074 14 23 25 287 283 0 8 32 159 42 45 0 22 1 129 137 111 20 7 4 0 45 12 20 188 949 0 2 0 1 1 0 0 11 5 7 12 5 6 31 0 0 1 3 0 4 3 0 7 10 2 10 0 0 1 11 9 2 1 0 0 0 28 48 76 1 1 1 0 0 0 0 9 1 5 9 62 3 3 9 7 8 2 4 0
2508 134 17 114 4207 114 190 47 8 12 17 6015 91 3453 47578 23540 247 637 580 54 113 24 15 1423 1484 845 838 542 2900 253 1 0 25 601 19 164 3837 2036 57 490 144 63 32 199 19 569 60 82 135 328 234 1 29530 8792 38443 470 313 23 8 267 337 25 2532 6 158 17 53 205 8408 8695 5 21 226 1120 18 188 1 100 16 744 799 1268 265 42 27 2 316 61 139 1644 8187 2 9 8 4 4 1 5 60 43 17 71 15 70 182 3 1 2 18 2 4 22 17 17 39 13 92 0 2 4 16 123 16 6 31 2 0 248 343 851 6 7 1 2 7 8 3 59 2 19 21 463 23 91 90 20 42 6 36 0
3479 61 12560 930 5828 18713 16107 10220 288 490 115 7318 256 3701 23540 161885 776 2135 125 38 70 163 65 3010 118 185 1615 410 14762 4969 445 109 11 171 16 44 229 135 167 1056 82 1381 154 139 215 162 3833 572 340 1150 13 6 2830 2109 23307 40 31 7 12 23 52 108 839 517 578 116 4900 227 1243 5755 1156 664 10 72 15 2503 1 3658 272 4903 6183 5170 3873 240 132 5 1143 338 434 6122 47495 11 43 31 11 18 10 28 602 154 62 614 123 3684 995 293 9 0 33 3 12 84 72 46 103 22 1075 6 6 23 295 1015 49 15 107 3 3 801 1123 3350 15 26 3 0 27 27 4 203 542 209 54 4109 89 901 2646 1371 177 24 108 2
14 52 91 1620 15 3 1 2 3 4 24 1426 13 173 247 776 4722 1472 85 32 48 91 7 101 81 871 253 1423 1777 176 0 0 46 226 403 66 169 93 15 74 1263 419 66 901 25 1484 3 80 2668 3324 10 4 20 1 168 19 14 8 7 19 22 51 9 3 33 44 17 170 81 522 1 1 12 77 31 0 0 37 5 0 1 1 1 4 0 1 3 0 0 5 32 0 1 5 7 0 1 2 0 2 4 27 21 10 37 1 0 1 6 0 3 2 9 0 0 2 5 3 3 3 20 6 0 6 0 3 0 2 2 1 1 1 2 1 0 2 1 0 2 1 11 11 8 1 2 0 4 1 4 1
116 55 18 686 87 18 9 5 2 8 19 2667 308 1991 637 2135 1472 5283 83 27 61 101 6 991 68 221 82 196 934 133 0 0 17 155 53 33 139 86 161 442 297 59 93 163 40 261 5 1970 231 9986 15 2 87 8 566 24 12 9 9 17 20 55 30 5 261 30 22 19 132 638 1 2 7 71 17 3 0 33 1 14 10 6 6 1 1 3 3 2 0 8 91 2 2 0 7 2 1 2 2 3 9 18 2 10 22 0 0 0 14 2 5 7 6 0 0 3 10 5 4 2 4 7 0 7 1 2 0 1 2 14 3 4 0 1 0 3 0 1 0 0 9 17 6 0 7 1 12 2 5 0
45 11286 16 28 30 10 6 1 14 57 1403 129 17 83 580 125 85 83 32520 9407 2795 909 242 242 14430 333 4470 180 375 2860 4 0 220 1590 105 294 7266 2926 9 14 119 305 18056 753 1697 103 7 107 671 45 525 14 122 18 64 171 2030 17602 14445 6627 1279 836 6 21 187 360 72 79 65 162 16 7 340 7636 210 0 8 7 0 1 0 3 3 8 4 48 0 1 0 6 44 4 1 17 149 24 23 3 4 6 11 42 6 9 83 0 0 4 26 2 4 25 15 0 0 6 39 48 10 42 1 6 2 17 0 8 0 0 3 0 0 26 2 17 0 5 5 0 4 2 88 11 12 7 5 0 11 3 18 0
10 5468 17 3 11 7 1 1 8 119 13054 30 9 36 54 38 32 27 9407 4945 1134 2586 187 107 188 201 1020 27 40 1389 2 1 186 1399 67 227 1215 648 4 4 79 395 4770 261 3785 11 2 57 471 24 100 18 11 0 4 33 360 2983 5325 427 194 794 1 11 81 755 122 9 6 18 6 3 54 570 184 1 44 4 2 0 1 2 0 5 7 381 2 0 0 0 5 7 10 111 887 102 171 25 10 24 12 97 4 3 224 1 0 2 102 14 5 93 92 0 0 8 197 342 38 286 2 7 6 65 0 41 8 0 0 0 0 98 32 100 4 43 60 0 8 7 476 34 5 0 2 0 14 9 62 2
40 8604 0 4 18 11 1 1 6 77 295 29 13 46 113 70 48 61 2795 1134 27314 4672 3813 270 230 20 188 8 30 360 7 0 18 560 76 21 4408 481 3 11 9 819 6841 1387 790 4 0 140 153 36 1923 1947 38 2 8 15 93 452 636 3687 11600 22688 7 63 205 179 42 1 16 13 23 7 1844 317 12 0 4 0 0 1 2 1 0 3 0 32 0 0 0 0 2 1 1 6 87 12 19 4 0 8 4 19 1 1 30 0 0 1 23 3 0 20 18 0 0 3 25 27 5 23 0 2 0 19 0 5 2 0 0 1 0 12 4 7 0 2 5 0 2 2 52 2 2 0 0 2 5 1 17 0
62 1090 4 0 42 42 10 2 17 1529 13923 15 44 79 24 163 91 101 909 2586 4672 85346 5243 463 53 52 109 4 18 1626 6 1 32 1354 176 58 3758 1057 14 8 22 1077 22438 1255 29478 2 2 235 483 71 553 1288 7 1 6 12 29 141 667 68 613 29344 3 69 358 2257 113 2 5 3 16 3 157 444 28 0 26 3 0 1 1 0 0 4 4 181 0 0 0 0 7 1 5 40 472 56 106 16 4 13 4 55 1 2 111 0 0 1 38 5 3 54 36 0 0 7 105 172 22 189 0 5 3 33 0 13 11 0 0 2 1 52 7 37 1 23 32 0 3 3 216 11 0 0 0 1 6 4 31 1
7 531 0 0 3 115 31 6 55 379 187 10 2 8 15 65 7 6 242 187 3813 5243 14116 49 32 17 72 1 4 272 0 6 11 89 856 15 931 84 1 1 5 4114 354 8990 1848 1 2 17 43 3 2358 43 3 1 1 11 22 39 34 87 534 10324 1 4 35 337 138 0 3 1 2 15 27 40 7 2 2 5 0 2 0 6 0 0 0 27 0 0 0 3 13 0 2 3 44 5 9 5 0 4 0 11 0 1 16 0 0 0 1 0 2 6 6 0 0 1 19 23 3 23 1 2 0 3 0 0 1 0 1 5 0 7 1 2 0 1 4 0 0 0 28 5 2 0 1 1 4 0 2 0
2539 250 8 27 1069 920 57 10 20 35 70 467 3223 6821 1423 3010 101 991 242 107 270 463 49 20100 93 163 117 41 155 415 390 643 11 485 125 68 412 324 2968 651 99 4703 447 1218 176 55 14 5812 397 1802 47 12 1171 56 460 44 17 30 40 65 196 359 750 5416 19930 85 482 11 69 73 1137 18 56 118 15 380 0 8 1 379 687 34 7 14 4 4 12 20 18 114 681 1 4 4 10 0 0 2 137 9 7 36 4 5 68 236 17 0 8 0 1 14 9 0 3 3 165 2 5 5 3 13 3 16 4 3 0 19 35 34 4 4 0 3 0 3 2 12 378 51 20 154 3 0 4 487 11 1 3 0
52 479 24 158 20 5 2 2 9 26 66 515 5 88 1484 118 81 68 14430 188 230 53 32 93 19556 2623 17620 864 1899 3758 0 1 198 2023 34 425 4203 5336 0 37 209 77 82 258 108 692 12 37 614 43 214 0 362 13 103 4603 19205 253 534 1084 383 71 16 6 43 129 40 994 412 458 4 3 276 14802 180 1 2 36 6 0 2 5 9 9 2 4 1 0 1 6 68 3 2 5 19 2 3 3 0 14 34 119 28 19 111 0 0 1 22 1 2 13 12 0 1 13 16 3 14 4 15 21 2 7 0 2 1 3 1 5 5 12 2 1 0 4 5 0 0 1 20 15 35 2 13 0 7 1 8 2
49 48 58 13734 13 3 3 2 28 40 96 5076 14 460 845 185 871 221 333 201 20 52 17 163 2623 24025 3468 4644 3888 1307 1 1 1372 5880 76 5385 2493 3008 11 302 17572 97 123 241 83 1609 15 47 3154 1304 125 0 726 6 26 3046 1760 23 34 52 97 33 35 6 64 112 157 7401 929 149 2 7 142 2357 2246 4 0 469 38 4 1 1 9 17 9 6 27 1 3 32 56 8 3 8 18 7 2 2 6 78 278 650 278 87 420 0 0 14 99 7 34 23 33 2 1 79 26 4 17 6 197 193 3 33 6 4 2 5 3 10 27 30 1 4 0 6 1 0 3 5 32 99 292 7 13 0 38 7 39 6
53 510 1025 124 19 85 44 61 133 60 139 319 12 81 838 1615 253 82 4470 1020 188 109 72 117 17620 3468 27857 4314 7220 9955 2 4 599 1163 57 384 1339 866 4 29 558 249 175 209 516 2593 477 61 2083 59 72 3 168 11 101 1528 13479 248 145 222 137 114 10 17 82 1686 654 7025 326 879 8 77 55 3208 331 10 16 760 69 10 7 20 37 118 31 82 75 5 8 73 338 15 16 40 191 25 37 19 39 185 541 1281 418 213 1334 2 0 57 347 25 102 112 173 1 1 148 144 95 76 88 223 491 13 106 18 20 5 15 3 25 59 71 6 15 5 22 10 2 23 28 154 222 417 26 55 0 240 23 121 44
20 16 3053 5056 4 12 2 39 3 1 3 820 8 110 542 410 1423 196 180 27 8 4 1 41 864 4644 4314 23788 9368 173 0 0 71 130 6 68 360 204 3 66 265 14 14 25 5 21371 129 20 1540 199 19 1 254 2 25 180 604 5 3 38 13 3 8 0 15 5 244 18372 466 295 2 6 25 414 21 2 0 1618 113 4 0 2 50 26 17 3 66 4 5 54 123 15 4 8 6 1 0 25 8 90 553 752 720 394 559 0 0 30 136 15 49 16 45 2 1 129 43 5 5 6 498 475 3 46 18 2 1 7 2 11 30 22 2 2 0 4 1 0 2 3 9 171 482 15 30 2 31 4 26 26
95 62 10091 3152 46 6 19 646 4 5 11 4191 14 452 2900 14762 1777 934 375 40 30 18 4 155 1899 3888 7220 9368 31139 2953 0 0 50 494 8 204 1538 1035 20 201 320 44 15 90 13 47513 361 47 470 365 75 0 941 39 507 691 661 15 8 124 96 8 40 3 38 22 224 2906 8462 14983 1 8 101 911 46 5 1 3660 250 4 5 106 1069 32 18 2 149 10 8 416 6291 12 8 18 10 4 3 5 2 66 75 345 227 3666 427 0 0 6 24 1 12 13 15 0 0 24 27 3 4 9 433 670 1 15 12 2 1 59 3 224 6 10 3 0 8 5 2 0 0 2 15 274 107 310 1655 0 32 3 38 4
83 836 894 72 103 2421 1364 858 5186 1767 5078 216 38 113 253 4969 176 133 2860 1389 360 1626 272 415 3758 1307 9955 173 2953 22132 7 73 783 3133 183 728 3164 1787 11 32 452 1083 674 792 5162 168 7433 229 2021 83 241 10 62 11 51 651 5161 272 178 122 350 475 5 74 314 12489 4598 176 42 326 50 7769 145 1440 483 36 36 985 56 42 49 124 79 287 62 283 72 12 14 186 1438 36 53 95 677 95 129 42 83 220 508 1933 462 295 2482 4 1 47 604 56 129 319 360 3 3 198 530 259 198 247 269 637 24 315 14 65 15 27 16 113 56 166 36 75 8 58 57 6 61 68 566 754 490 41 117 19 472 41 266 38
73 3 1 0 26 1488 17 1 5 3 2 0 0 0 1 445 0 0 4 2 7 6 0 390 0 1 2 0 0 7 758 265 0 6 2 0 3 6 0 0 1 266 5 35 5 0 2 2 2 0 2 1 0 0 0 0 0 0 0 0 5 8 0 2340 58 2 255 0 0 0 3536 7 2 1 0 120 0 0 0 53 151 0 0 1 0 0 1 1 0 5 32 0 0 0 0 0 0 0 71 0 0 0 0 0 1 97 2 0 0 0 0 0 1 0 0 0 51 0 1 0 0 0 1 0 0 0 0 0 0 0 0 0 0 0 0 0 0 1 230 27 0 22 0 0 1 246 0 0 1 0
40 1 1 0 9 3167 121 9 11 31 1 0 0 0 0 109 0 0 0 1 0 1 6 643 1 1 4 0 0 73 265 1039 0 4 0 0 5 8 0 0 0 368 3 14 10 1 21 0 0 0 1 0 0 0 0 2 0 0 0 0 1 5 0 2213 94 1 1075 0 0 0 1409 13 2 0 0 41 0 1 0 34 109 0 0 0 5 0 0 1 0 1 20 0 0 1 0 0 0 1 38 1 0 1 0 1 0 156 25 0 1 1 0 0 1 0 0 1 154 0 1 0 0 0 0 1 0 1 0 0 0 0 0 0 0 0 1 0 0 0 264 17 1 111 0 0 0 167 0 1 1 0
3 27 21 118 2 2 1 0 25 18 61 125 2 24 25 11 46 17 220 186 18 32 11 11 198 1372 599 71 50 783 0 0 2871 2236 148 668 62 73 0 25 2486 20 105 14 69 22 9 8 4627 53 1 1 21 0 7 34 61 20 26 11 4 11 3 0 8 100 44 55 13 6 0 7 7 1165 3171 0 1 26 2 1 0 0 1 1 0 2 1 0 1 2 3 0 0 2 13 2 0 1 2 6 14 50 21 4 52 1 0 2 14 0 3 2 4 0 0 5 8 6 2 3 13 6 0 1 0 3 0 0 1 0 1 1 0 1 1 1 1 0 1 3 8 10 22 1 0 0 10 0 6 0
104 601 19 528 34 43 9 4 144 187 571 1717 27 459 601 171 226 155 1590 1399 560 1354 89 485 2023 5880 1163 130 494 3133 6 4 2236 17476 2635 8794 1684 10151 10 244 4875 493 1867 1248 658 100 35 152 5336 234 99 42 477 6 29 3209 260 172 309 125 197 597 36 73 290 545 333 80 280 45 24 54 242 15639 2717 0 7 34 6 4 4 3 3 46 5 32 7 2 2 4 34 5 6 26 101 24 17 6 11 43 62 238 29 9 376 2 0 6 128 12 17 91 96 0 1 14 101 37 42 36 9 49 6 65 1 12 0 0 2 5 8 36 10 14 2 17 6 1 6 2 148 61 46 1 3 2 84 9 63 5
19 95 1 4 9 4 1 0 5 9 38 39 8 18 19 16 403 53 105 67 76 176 856 125 34 76 57 6 8 183 2 0 148 2635 2317 89 46 62 4 8 50 358 208 4357 71 4 1 74 1155 28 2 4 11 0 2 14 13 16 15 15 21 105 2 26 80 37 23 3 4 4 6 3 5 315 79 0 0 7 0 0 1 0 0 5 1 1 0 0 0 1 0 0 1 1 11 2 2 0 3 3 2 16 4 0 15 0 0 0 13 2 0 13 17 0 0 0 6 4 1 4 0 4 0 11 0 0 1 0 0 0 2 2 0 1 0 1 0 0 0 1 12 9 1 1 0 0 11 0 6 2
13 33 11 486 3 4 0 2 24 30 89 809 4 172 164 44 66 33 294 227 21 58 15 68 425 5385 384 68 204 728 0 0 668 8794 89 4812 903 1439 2 93 6012 43 146 91 80 61 8 13 693 137 41 3 172 2 8 748 79 31 38 16 28 17 13 2 27 98 62 34 94 22 2 6 41 2257 3768 0 0 17 0 0 0 0 1 11 0 3 0 1 0 4 10 2 0 2 10 3 3 0 3 5 24 81 13 6 72 0 0 1 23 0 6 7 11 0 0 14 16 8 4 5 8 15 1 17 0 1 0 0 1 1 0 3 3 2 0 4 1 1 2 6 21 8 28 1 2 0 6 1 10 2
218 6322 11 475 61 20 7 2 71 219 783 2675 29 639 3837 229 169 139 7266 1215 4408 3758 931 412 4203 2493 1339 360 1538 3164 3 5 62 1684 46 903 43651 23079 21 201 581 1521 4688 4187 1198 391 31 87 187 151 6486 128 1582 29 207 2011 505 690 460 2337 7445 2347 138 56 207 797 280 115 894 276 17 55 6383 7330 70 1 13 26 5 4 7 15 6 55 21 104 6 2 0 13 86 9 22 77 318 54 51 17 21 55 29 205 11 17 478 1 0 16 238 30 21 179 194 0 0 18 160 103 85 97 6 28 10 141 1 29 0 1 2 15 13 92 22 48 6 41 20 1 15 19 352 62 15 1 5 1 99 15 138 5
153 704 8 300 36 27 6 1 77 103 288 1591 18 425 2036 135 93 86 2926 648 481 1057 84 324 5336 3008 866 204 1035 1787 6 8 73 10151 62 1439 23079 34306 9 145 1054 513 1579 4793 429 282 24 62 183 94 516 22 856 19 85 4013 471 236 229 3539 1279 428 45 57 198 281 212 75 663 180 24 39 7607 35657 90 3 3 31 2 2 2 2 3 24 6 26 3 1 0 7 43 3 4 24 61 17 10 6 7 25 20 116 8 12 251 0 0 4 89 9 7 56 63 0 0 9 77 26 21 25 5 23 3 68 0 9 0 3 1 7 3 23 3 16 1 10 3 1 4 3 95 51 25 3 6 0 57 9 49 5
14 6 0 5 13 3 5 2 0 2 3 62 2409 664 57 167 15 161 9 4 3 14 1 2968 0 11 4 3 20 11 0 0 0 10 4 2 21 9 399 70 4 8 14 11 5 3 0 1733 42 627 1 0 57 2 29 2 1 1 0 3 1 8 15 0 47 2 0 2 1 3 0 1 1 9 1 5 0 0 1 8 13 4 1 0 0 1 2 0 0 9 27 0 0 0 0 0 0 0 0 1 0 2 1 0 1 0 0 0 1 0 0 0 0 0 0 0 0 0 0 0 1 2 0 0 0 0 0 0 5 2 0 0 0 0 0 0 0 0 1 1 0 3 0 0 0 0 0 0 0 0
105 5 5 57 26 2 8 7 0 4 3 2281 147 4477 490 1056 74 442 14 4 11 8 1 651 37 302 29 66 201 32 0 0 25 244 8 93 201 145 70 1733 208 12 12 30 3 60 2 164 80 1203 12 0 282 3 425 22 1 2 1 4 19 4 31 0 223 6 3 8 44 172 0 0 6 67 26 1 0 11 0 4 4 16 8 0 1 0 5 2 1 40 169 0 0 0 0 0 0 0 0 0 0 7 7 4 7 0 0 0 0 0 1 0 1 0 0 0 4 1 0 1 0 5 1 0 0 0 0 5 3 16 1 0 0 0 1 0 0 2 0 2 0 8 1 1 8 1 0 0 1 0
21 20 26 1652 6 5 1 2 21 15 45 1512 8 292 144 82 1263 297 119 79 9 22 5 99 209 17572 558 265 320 452 1 0 2486 4875 50 6012 581 1054 4 208 8639 29 48 83 53 124 8 21 3582 1202 28 0 161 2 19 382 42 6 14 7 18 9 16 1 31 62 41 125 124 29 2 4 39 883 2522 0 0 38 1 0 1 1 0 6 1 2 3 1 1 5 14 2 0 4 7 0 0 2 1 13 32 85 24 7 71 0 0 6 13 0 3 3 7 0 0 9 7 1 4 3 17 18 0 7 0 0 0 1 1 1 3 4 0 4 0 1 0 0 1 1 12 19 23 0 3 0 17 0 4 0
228 385 35 17 243 2730 349 69 160 453 451 55 21 36 63 1381 419 59 305 395 819 1077 4114 4703 77 97 249 14 44 1083 266 368 20 493 358 43 1521 513 8 12 29 8159 495 7333 1281 15 38 359 124 50 2455 20 16 1 26 37 62 44 74 60 568 1809 1 6622 1392 876 2229 8 13 10 863 77 65 104 13 59 22 9 0 45 76 36 29 16 10 164 4 0 4 16 210 1 7 33 315 27 78 14 35 15 13 90 11 5 240 24 2 4 58 8 4 55 42 0 0 6 334 120 15 154 0 29 1 24 0 15 9 3 3 9 3 38 9 35 0 7 21 0 55 14 265 117 17 0 3 54 31 3 33 3
61 6965 2 6 37 19 3 2 9 109 9513 30 38 99 32 154 66 93 18056 4770 6841 22438 354 447 82 123 175 14 15 674 5 3 105 1867 208 146 4688 1579 14 12 48 495 61039 1046 12161 8 4 245 694 76 421 1798 14 1 10 22 57 9922 8377 202 604 3777 5 51 308 1018 75 7 8 9 21 7 220 815 63 0 37 5 0 0 0 0 0 8 5 233 2 1 1 2 4 8 4 66 662 82 91 24 16 16 8 78 2 1 174 0 1 2 84 9 5 79 81 0 0 7 108 222 26 189 1 5 8 46 0 29 12 0 0 0 2 76 22 53 2 38 43 0 3 8 299 23 8 0 0 0 5 5 51 1
150 826 2 51 51 93 7 3 35 65 151 223 25 92 199 139 901 163 753 261 1387 1255 8990 1218 258 241 209 25 90 792 35 14 14 1248 4357 91 4187 4793 11 30 83 7333 1046 16556 387 34 15 245 268 83 1747 47 96 1 17 148 61 90 109 187 1034 2110 6 346 909 214 96 10 61 25 89 12 823 370 11 6 1 7 2 2 6 3 1 27 5 13 1 0 0 0 5 4 2 13 64 13 8 2 3 17 9 79 1 1 168 1 0 3 55 6 11 44 46 0 0 11 48 21 7 22 0 12 0 57 0 6 0 0 0 1 5 17 2 10 0 6 2 0 6 0 77 26 13 0 0 5 31 3 32 0
36 583 2 4 19 278 113 58 347 2706 18969 20 15 44 19 215 25 40 1697 3785 790 29478 1848 176 108 83 516 5 13 5162 5 10 69 658 71 80 1198 429 5 3 53 1281 12161 387 29307 3 12 87 370 31 149 59 10 2 2 60 191 353 1273 42 195 4312 4 22 109 15868 526 0 2 5 13 99 62 272 54 1 47 9 0 5 3 8 0 6 4 324 1 0 0 5 43 4 11 66 677 84 139 39 13 21 4 72 2 3 204 0 0 3 91 5 11 75 77 0 0 3 164 316 32 297 0 7 1 55 0 25 13 1 0 6 2 84 22 54 1 26 39 0 9 8 393 22 4 1 1 6 8 6 36 1
27 14 6888 1461 12 1 1 4 1 2 3 552 5 163 569 162 1484 261 103 11 4 2 1 55 692 1609 2593 21371 47513 168 0 1 22 100 4 61 391 282 3 60 124 15 8 34 3 19624 12 18 874 231 25 0 175 5 35 217 344 0 6 46 29 4 10 0 7 5 79 2985 620 481 0 1 31 319 6 0 0 1178 67 4 1 1 67 9 7 0 35 3 5 29 156 10 1 2 2 0 1 14 2 21 237 296 376 420 260 0 0 12 49 8 21 13 8 0 1 74 21 2 3 5 250 327 1 18 9 2 0 3 3 8 4 10 1 0 0 2 3 1 1 0 3 86 165 11 83 0 16 3 14 9
25 0 5754 1 34 1328 1519 3706 416 48 58 11 0 19 60 3833 3 5 7 2 0 2 2 14 12 15 477 129 361 7433 2 21 9 35 1 8 31 24 0 2 8 38 4 15 12 12 6406 4 32 2 6 0 8 7 13 4 4 1 0 0 4 4 5 10 8 48 3091 44 1 24 15 1315 0 7 4 7 0 1081 25 28 22 95 152 36 13 2 37 3 4 132 1618 6 2 6 4 3 1 5 12 45 144 439 215 638 448 3 0 11 72 4 16 23 29 1 2 44 51 6 17 7 213 277 1 28 3 4 0 24 8 90 5 15 2 2 2 0 4 1 8 6 24 446 174 20 214 11 79 3 30 3
169 102 0 16 275 16 4 1 9 10 40 216 3665 1060 82 572 80 1970 107 57 140 235 17 5812 37 47 61 20 47 229 2 0 8 152 74 13 87 62 1733 164 21 359 245 245 87 18 4 4087 249 2099 6 10 25 2 55 10 14 17 23 24 42 171 10 15 861 45 29 2 10 19 5 7 8 45 2 6 1 3 1 10 14 2 1 8 0 4 1 0 1 5 19 2 0 1 17 3 1 1 3 4 9 24 1 3 44 2 0 0 25 1 2 7 9 0 0 3 16 1 2 4 0 6 0 6 0 4 0 0 1 2 3 4 0 3 0 6 0 0 1 1 24 7 1 1 0 4 18 2 8 1
56 219 164 594 40 22 7 2 40 108 313 512 73 359 135 340 2668 231 671 471 153 483 43 397 614 3154 2083 1540 470 2021 2 0 4627 5336 1155 693 187 183 42 80 3582 124 694 268 370 874 32 249 7784 845 16 10 48 1 42 103 243 86 117 44 53 159 9 9 147 365 106 490 43 58 2 28 13 1903 1244 4 4 64 3 7 7 4 1 20 11 30 3 0 0 6 31 5 6 19 79 15 22 7 15 21 56 135 35 7 197 0 0 8 80 6 15 47 57 0 1 15 51 20 24 23 22 34 2 29 1 8 1 0 0 3 7 27 3 12 0 9 2 1 7 4 96 31 31 3 3 1 30 3 28 4
153 31 19 4396 35 5 9 12 4 3 8 16258 650 8482 328 1150 3324 9986 45 24 36 71 3 1802 43 1304 59 199 365 83 0 0 53 234 28 137 151 94 627 1203 1202 50 76 83 31 231 2 2099 845 13132 10 1 91 6 331 27 4 6 9 11 16 41 55 1 387 19 18 25 171 230 1 4 8 68 32 1 0 79 0 10 5 5 6 2 1 0 1 0 1 13 70 0 1 1 2 0 1 0 1 1 11 20 14 12 20 0 0 0 2 0 1 2 1 0 0 5 6 0 0 0 23 5 0 3 0 1 0 0 2 4 0 2 0 0 1 0 0 0 0 0 4 12 21 2 2 1 7 0 1 0
11 528 1 34 3 2 2 0 5 25 74 160 1 39 234 13 10 15 525 100 1923 553 2358 47 214 125 72 19 75 241 2 1 1 99 2 41 6486 516 1 12 28 2455 421 1747 149 25 6 6 16 10 6272 20 81 2 8 90 34 55 58 182 3107 2271 11 7 22 71 30 7 53 25 3 2 131 272 2 0 1 0 0 0 0 1 0 3 2 3 0 0 0 0 3 0 3 6 25 5 4 1 1 7 3 18 1 3 48 0 0 1 18 0 1 12 21 0 0 1 6 12 7 8 0 4 0 8 0 2 0 0 0 0 1 6 0 3 1 3 0 0 1 2 23 3 0 0 0 0 5 0 14 2
0 76 0 0 1 0 0 0 0 4 21 1 0 4 1 6 4 2 14 18 1947 1288 43 12 0 0 3 1 0 10 1 0 1 42 4 3 128 22 0 0 0 20 1798 47 59 0 0 10 10 1 20 442 1 0 0 0 0 1 10 2 17 1332 0 2 9 9 3 0 1 0 0 1 6 12 0 0 1 0 0 0 0 0 0 0 0 4 0 0 0 0 0 0 0 1 2 1 0 0 0 0 0 2 0 0 1 0 0 0 0 0 0 1 0 0 0 0 1 0 0 3 0 0 0 0 0 0 0 0 0 0 0 0 0 0 0 0 1 0 0 0 4 0 0 0 0 0 1 0 0 0
1180 39 3 27 310 23 24 10 2 3 10 3580 51 4193 29530 2830 20 87 122 11 38 7 3 1171 362 726 168 254 941 62 0 0 21 477 11 172 1582 856 57 282 161 16 14 96 10 175 8 25 48 91 81 1 17721 666 2613 192 67 6 3 66 142 11 2361 2 54 7 7 79 5823 420 0 3 82 244 24 54 0 17 1 206 130 132 25 6 8 0 33 18 26 227 1190 0 1 0 0 1 0 0 12 11 2 12 6 10 20 2 0 0 1 0 0 2 2 2 6 4 9 0 0 1 4 16 1 3 10 0 0 26 67 154 1 1 0 0 2 0 0 12 3 2 11 73 9 12 11 5 7 0 4 0
1058 3 1 0 1679 8 10 4 0 1 0 22 2 52 8792 2109 1 8 18 0 2 1 1 56 13 6 11 2 39 11 0 0 0 6 0 2 29 19 2 3 2 1 1 1 2 5 7 2 1 6 2 0 666 2201 10728 3 2 0 0 7 2 0 31 0 11 0 8 1 22 59 0 3 1 7 0 25 0 1 2 95 71 43 6 1 0 0 10 5 18 99 392 0 0 0 0 0 0 0 11 0 1 0 0 1 0 0 0 0 2 0 1 2 0 1 1 0 7 0 0 0 1 4 1 0 1 0 0 17 54 57 0 0 0 0 0 0 0 4 0 3 0 43 1 0 2 2 5 0 1 0
925 8 3 15 960 29 78 17 2 0 2 3133 34 1258 38443 23307 168 566 64 4 8 6 1 460 103 26 101 25 507 51 0 0 7 29 2 8 207 85 29 425 19 26 10 17 2 35 13 55 42 331 8 0 2613 10728 35158 15 23 4 0 18 15 5 237 0 65 2 67 19 204 1905 0 4 6 68 4 44 0 73 4 110 209 749 281 13 16 0 169 13 52 719 3980 2 6 3 2 1 1 7 5 21 7 41 15 27 124 0 0 0 3 0 4 10 11 9 18 4 49 0 0 5 9 101 3 2 9 0 0 110 97 459 2 3 0 0 4 4 2 20 1 1 5 178 4 58 69 1 25 2 19 2
27 14 2 144 7 3 0 1 4 16 24 481 3 69 470 40 19 24 171 33 15 12 11 44 4603 3046 1528 180 691 651 0 2 34 3209 14 748 2011 4013 2 22 382 37 22 148 60 217 4 10 103 27 90 0 192 3 15 5010 2027 9 8 54 86 11 9 7 15 66 23 85 189 68 1 7 122 5052 29 0 0 9 0 0 0 1 0 6 0 2 2 0 0 2 22 0 1 0 7 4 0 0 0 6 15 34 13 5 43 0 0 0 8 0 5 5 3 0 0 5 9 5 2 2 6 9 0 5 0 0 0 0 0 2 2 3 0 4 0 0 0 0 0 0 6 5 14 1 2 0 4 0 4 2
12 305 8 34 3 5 0 0 5 32 42 94 1 20 313 31 14 12 2030 360 93 29 22 17 19205 1760 13479 604 661 5161 0 0 61 260 13 79 505 471 1 1 42 62 57 61 191 344 4 14 243 4 34 0 67 2 23 2027 18613 139 114 122 53 59 4 3 13 902 30 1138 119 134 1 14 40 4806 73 1 1 18 3 1 1 1 0 3 0 20 5 0 0 1 21 0 1 5 54 7 13 0 4 3 19 70 7 11 66 0 0 1 17 0 4 7 10 0 0 4 14 18 3 14 7 10 0 7 0 2 1 0 0 1 1 12 1 3 1 1 2 0 1 2 40 13 14 1 6 0 9 0 7 1
4 5836 0 1 5 1 1 0 0 6 290 5 2 8 23 7 8 9 17602 2983 452 141 39 30 253 23 248 5 15 272 0 0 20 172 16 31 690 236 1 2 6 44 9922 90 353 0 1 17 86 6 55 1 6 0 4 9 139 7517 4778 541 115 134 1 2 23 60 7 4 2 8 1 1 25 354 13 0 1 1 0 0 0 0 0 0 1 9 1 0 0 0 0 0 0 5 33 2 4 0 0 1 3 5 0 1 14 0 0 0 7 3 0 5 6 0 0 0 4 9 1 6 0 1 0 1 0 1 0 0 0 0 0 9 1 4 1 0 1 0 0 1 13 3 0 0 0 0 1 2 0 0
8 3640 3 5 3 2 0 1 0 15 1623 5 4 10 8 12 7 9 14445 5325 636 667 34 40 534 34 145 3 8 178 0 0 26 309 15 38 460 229 0 1 14 74 8377 109 1273 6 0 23 117 9 58 10 3 0 0 8 114 4778 4496 307 95 244 0 8 21 45 26 6 2 0 4 2 20 146 25 0 5 1 1 0 0 1 0 2 2 47 0 1 0 0 1 0 7 20 152 27 31 7 2 7 0 14 1 1 46 0 0 0 19 1 1 29 14 0 0 0 37 72 15 48 1 3 2 14 0 4 2 0 0 0 0 21 3 11 0 9 4 0 1 1 88 4 0 0 0 0 2 0 17 0
14 1932 0 4 7 2 0 0 0 4 20 59 2 21 267 23 19 17 6627 427 3687 68 87 65 1084 52 222 38 124 122 0 0 11 125 15 16 2337 3539 3 4 7 60 202 187 42 46 0 24 44 11 182 2 66 7 18 54 122 541 307 3073 1115 271 4 5 24 36 8 5 70 33 3 1 349 3413 6 0 0 1 0 0 3 0 0 1 0 3 0 0 0 1 3 0 0 1 10 0 4 0 0 0 0 4 1 1 3 0 0 0 3 0 0 2 3 0 0 2 5 3 2 0 1 1 1 5 0 0 0 0 0 0 0 1 1 2 0 0 0 0 0 0 7 0 0 0 0 0 2 0 2 0
26 5132 0 19 16 9 2 0 12 41 76 151 11 54 337 52 22 20 1279 194 11600 613 534 196 383 97 137 13 96 350 5 1 4 197 21 28 7445 1279 1 19 18 568 604 1034 195 29 4 42 53 16 3107 17 142 2 15 86 53 115 95 1115 10700 2073 9 33 136 109 32 9 58 16 16 5 791 479 9 0 5 2 0 2 0 2 1 12 1 27 1 0 0 0 7 1 3 6 53 7 11 3 6 13 7 24 1 3 61 0 0 0 32 3 7 30 32 0 1 6 32 17 6 18 1 3 0 26 0 6 1 0 1 1 3 20 1 9 1 2 1 0 4 4 43 9 1 1 2 0 9 1 12 2
51 2398 2 2 40 83 14 10 18 459 1037 21 22 45 25 108 51 55 836 794 22688 29344 10324 359 71 33 114 3 8 475 8 5 11 597 105 17 2347 428 8 4 9 1809 3777 2110 4312 4 4 171 159 41 2271 1332 11 0 5 11 59 134 244 271 2073 28121 3 63 234 526 94 2 8 7 20 11 253 165 9 2 7 1 0 1 2 1 3 3 2 68 0 0 1 4 11 2 2 19 131 17 39 10 2 4 4 18 0 0 49 1 0 0 9 7 0 12 15 0 0 1 33 67 9 71 0 2 0 9 0 10 3 0 1 3 0 20 5 10 0 8 17 0 2 1 77 6 1 0 0 3 1 0 13 0
81 2 2 5 114 14 9 2 0 1 2 84 10 532 2532 839 9 30 6 1 7 3 1 750 16 35 10 8 40 5 0 0 3 36 2 13 138 45 15 31 16 1 5 6 4 10 5 10 9 55 11 0 2361 31 237 9 4 1 0 4 9 3 849 1 7 2 4 1 46 32 0 4 6 19 0 24 0 3 2 80 79 18 0 2 2 0 5 5 8 68 249 0 0 0 0 0 0 0 6 1 2 1 0 1 2 1 0 0 0 0 0 0 0 3 2 0 1 0 0 0 0 2 2 0 1 0 0 11 17 22 0 1 0 0 0 0 0 5 0 2 0 20 1 1 0 0 0 0 0 0
454 32 1 2 63 1747 41 12 6 25 12 4 1 1 6 517 3 5 21 11 63 69 4 5416 6 6 17 0 3 74 2340 2213 0 73 26 2 56 57 0 0 1 6622 51 346 22 0 10 15 9 1 7 2 2 0 0 7 3 2 8 5 33 63 1 4155 749 7 1004 1 1 1 2644 14 9 10 2 177 1 0 0 70 378 4 0 4 3 0 0 3 0 1 65 0 2 0 3 0 0 0 113 0 4 3 0 0 14 358 13 0 2 0 2 0 4 0 0 1 236 1 5 2 1 2 1 0 0 0 0 0 0 0 0 1 0 1 0 0 1 0 674 67 4 72 1 0 0 598 4 0 1 0
2995 168 3 4 359 131 7 1 14 19 51 152 200 1074 158 578 33 261 187 81 205 358 35 19930 43 64 82 15 38 314 58 94 8 290 80 27 207 198 47 223 31 1392 308 909 109 7 8 861 147 387 22 9 54 11 65 15 13 23 21 24 136 234 7 749 22474 73 104 1 14 16 109 4 47 51 6 198 0 8 0 196 369 2 2 9 2 4 2 7 6 30 180 1 0 2 13 1 3 2 66 8 4 28 1 0 55 74 0 0 14 0 0 11 9 2 0 2 51 1 1 5 0 6 1 12 0 1 0 0 10 5 4 0 1 2 0 2 0 2 116 29 22 48 3 1 0 240 14 0 7 2
18 281 6 3 9 85 43 17 140 577 3592 13 6 14 17 116 44 30 360 755 179 2257 337 85 129 112 1686 5 22 12489 2 1 100 545 37 98 797 281 2 6 62 876 1018 214 15868 5 48 45 365 19 71 9 7 0 2 66 902 60 45 36 109 526 2 7 73 15421 380 4 8 5 4 99 27 194 69 3 46 8 2 3 4 3 0 13 7 353 1 0 0 4 18 3 5 62 679 64 179 24 12 12 7 83 7 1 213 1 0 2 61 7 6 74 62 0 0 6 258 307 40 315 1 9 6 41 1 29 13 0 0 2 4 56 25 59 1 28 32 1 7 17 477 45 8 0 3 0 17 5 41 0
142 39 2695 24 194 8324 2084 2402 1589 1490 339 39 6 23 53 4900 17 22 72 122 42 113 138 482 40 157 654 244 224 4598 255 1075 44 333 23 62 280 212 0 3 41 2229 75 96 526 79 3091 29 106 18 30 3 7 8 67 23 30 7 26 8 32 94 4 1004 104 380 4447 77 8 9 845 699 18 100 36 79 7 525 7 90 196 80 324 42 10 49 16 2 2 54 873 4 5 25 169 10 16 14 47 32 62 227 82 165 397 98 10 7 88 9 13 35 50 3 0 30 262 42 18 41 38 240 4 25 4 9 5 6 16 34 3 32 5 20 4 4 6 4 182 30 144 470 50 4 39 159 70 1 37 7
9 8 427 2156 4 16 7 12 10 1 4 365 1 25 205 227 170 19 79 9 1 2 0 11 994 7401 7025 18372 2906 176 0 0 55 80 3 34 115 75 2 8 125 8 7 10 0 2985 44 2 490 25 7 0 79 1 19 85 1138 4 6 5 9 2 1 1 1 4 77 9458 181 212 1 6 5 158 27 2 0 395 46 4 2 3 15 13 5 0 35 4 2 17 51 11 5 6 3 0 1 0 1 64 229 393 236 80 309 1 0 13 95 6 30 13 24 0 0 80 17 3 6 4 129 206 1 23 5 1 0 4 0 2 16 16 0 0 1 1 1 0 1 3 9 56 183 5 14 0 31 3 29 10
84 26 5 312 18 0 2 5 1 2 6 8236 4 287 8408 1243 81 132 65 6 16 5 3 69 412 929 326 466 8462 42 0 0 13 280 4 94 894 663 1 44 124 13 8 61 2 620 1 10 43 171 53 1 5823 22 204 189 119 2 2 70 58 8 46 1 14 8 8 181 9198 2082 1 0 58 296 12 0 0 64 4 1 5 5 16 1 1 0 6 0 0 57 553 0 0 0 2 0 0 0 0 1 4 24 5 81 13 0 0 0 4 1 0 0 0 0 0 6 1 0 1 0 3 14 0 0 3 1 0 6 1 25 0 2 0 0 0 0 0 0 0 0 0 8 6 25 96 0 2 0 1 1
82 16 248 1096 28 4 4 49 1 0 5 2767 10 283 8695 5755 522 638 162 18 13 3 1 73 458 149 879 295 14983 326 0 0 6 45 4 22 276 180 3 172 29 10 9 25 5 481 24 19 58 230 25 0 420 59 1905 68 134 8 0 33 16 7 32 1 16 5 9 212 2082 19251 0 1 20 293 6 0 0 434 64 2 4 75 257 13 5 1 55 2 3 186 2150 3 2 4 1 1 2 1 2 15 15 61 23 656 90 0 0 1 7 0 4 7 8 0 2 3 2 1 1 1 69 102 1 1 3 4 0 34 2 99 2 5 1 0 4 0 2 1 0 0 4 75 16 131 360 1 12 1 9 1
73 10 1 1 69 5460 35 5 9 14 3 1 1 0 5 1156 1 1 16 6 23 16 2 1137 4 2 8 2 1 50 3536 1409 0 24 6 2 17 24 0 0 2 863 21 89 13 0 15 5 2 1 3 0 0 0 0 1 1 1 4 3 16 20 0 2644 109 4 845 1 1 0 2554 8 2 7 1 357 0 0 0 187 577 0 0 1 0 1 2 7 2 11 88 0 0 0 1 0 0 0 172 1 0 1 0 1 4 210 9 0 1 0 0 0 0 0 0 0 96 1 0 0 0 0 1 0 2 0 0 0 1 1 0 0 1 0 1 0 0 1 454 67 3 92 0 0 0 652 0 0 0 0
7 4 20 1 16 869 650 358 4032 210 300 5 3 8 21 664 1 2 7 3 7 3 15 18 3 7 77 6 8 7769 7 13 7 54 3 6 55 39 1 0 4 77 7 12 99 1 1315 7 28 4 2 1 3 3 4 7 14 1 2 1 5 11 4 14 4 99 699 6 0 1 8 6679 2 14 2 8 1 17 1 9 12 35 15 21 2 1 13 0 2 32 164 5 5 5 2 6 1 0 9 8 13 66 9 6 104 0 0 4 37 4 4 18 28 1 1 7 40 9 10 3 7 28 3 16 1 10 0 4 2 21 4 10 0 1 1 1 3 1 7 10 26 64 14 1 1 4 34 0 16 3
17 542 2 22 5 1 3 0 5 7 22 167 2 32 226 10 12 7 340 54 1844 157 27 56 276 142 55 25 101 145 2 2 7 242 5 41 6383 7607 1 6 39 65 220 823 62 31 0 8 13 8 131 6 82 1 6 122 40 25 20 349 791 253 6 9 47 27 18 5 58 20 2 2 1190 778 2 0 0 0 0 1 0 0 0 4 2 5 0 0 0 1 7 1 0 3 5 3 2 1 0 2 2 8 0 0 26 0 0 1 11 0 1 8 13 0 0 0 6 5 5 3 0 1 0 4 0 2 0 0 0 1 1 5 0 1 0 1 0 0 0 2 9 4 1 0 0 0 5 2 3 0
49 496 7 169 21 7 1 3 36 66 242 534 8 159 1120 72 77 71 7636 570 317 444 40 118 14802 2357 3208 414 911 1440 1 0 1165 15639 315 2257 7330 35657 9 67 883 104 815 370 272 319 7 45 1903 68 272 12 244 7 68 5052 4806 354 146 3413 479 165 19 10 51 194 100 158 296 293 7 14 778 34004 1737 0 0 27 4 1 0 3 2 24 4 24 5 0 2 6 48 3 1 8 60 8 7 1 5 14 21 57 14 18 147 0 0 3 54 2 9 29 25 0 0 8 26 13 11 15 5 15 1 25 3 5 2 1 1 4 5 19 1 5 1 9 3 0 1 3 53 27 12 0 3 2 22 4 22 3
9 24 9 90 0 4 0 0 10 18 57 160 1 42 18 15 31 17 210 184 12 28 7 15 180 2246 331 21 46 483 0 0 3171 2717 79 3768 70 90 1 26 2522 13 63 11 54 6 4 2 1244 32 2 0 24 0 4 29 73 13 25 6 9 9 0 2 6 69 36 27 12 6 1 2 2 1737 4224 0 0 14 4 0 0 0 0 2 1 2 3 0 0 3 4 3 1 4 4 1 0 0 0 5 8 45 14 3 30 0 0 2 6 0 2 3 2 0 0 9 5 0 2 3 7 7 0 3 0 1 0 0 0 2 0 6 0 0 0 0 0 0 0 0 9 4 22 0 2 0 4 0 1 0
525 1 4 0 641 1997 34 10 5 11 2 2 9 45 188 2503 0 3 0 1 0 0 2 380 1 4 10 2 5 36 120 41 0 0 0 0 1 3 5 1 0 59 0 6 1 0 7 6 4 1 0 0 54 25 44 0 1 0 0 0 0 2 24 177 198 3 79 2 0 0 357 8 0 0 0 1531 19 14 38 4047 768 44 12 6 3 19 264 161 306 2573 1987 6 47 42 46 56 12 7 570 305 118 81 28 103 40 126 28 1 130 13 64 486 388 65 52 47 256 106 68 33 46 10 62 45 121 24 11 483 1288 634 41 36 11 8 84 85 14 402 179 1272 19 437 21 94 93 548 4 110 277 3
0 4 0 0 0 1 0 0 0 2 44 0 0 0 1 1 0 0 8 44 4 26 2 0 2 0 16 0 1 36 0 0 1 7 0 0 13 3 0 0 0 22 37 1 47 0 0 1 4 0 1 1 0 0 0 0 1 1 5 0 5 7 0 1 0 46 7 0 0 0 0 1 0 0 0 19 13895 0 6 6 4 0 0 3 7 509 3 12 1 5 10 26 34 7583 6055 13811 349 152 124 55 10 74 3 4 102 3 0 2 487 61 15 491 715 0 0 9 227 22648 244 280 3 0 45 310 4 272 1371 2 0 1 7 145 6904 1282 899 750 1344 0 62 113 83 8 4 3 2 5 2 31 467 0
4 2 5502 223 0 8 67 671 44 6 7 141 2 22 100 3658 37 33 7 4 0 3 5 8 36 469 760 1618 3660 985 0 1 26 34 7 17 26 31 0 11 38 9 5 7 9 1178 1081 3 64 79 0 0 17 1 73 9 18 1 1 1 2 1 3 0 8 8 525 395 64 434 0 17 0 27 14 14 0 37289 347 24 101 246 3990 232 5 1 316 10 11 60 11812 108 28 27 9 1 2 1 14 64 134 1786 5516 8432 1113 10 1 42 79 13 32 14 13 2 7 148 14 3 0 6 9057 5740 12 62 82 3 0 10 7 22 15 26 2 1 1 2 0 2 7 2 13 3771 488 77 465 6 45 1 34 20
0 0 212 5 1 0 9 11 5 1 1 6 0 1 16 272 5 1 0 2 0 0 0 1 6 38 69 113 250 56 0 0 2 6 0 0 5 2 1 0 1 0 0 2 0 67 25 1 3 0 0 0 1 2 4 0 3 0 1 0 0 0 2 0 0 2 7 46 4 64 0 1 0 4 4 38 6 347 12801 42 7 8 13 3 1 0 9605 103 64 703 2617 948 373 29 10 13 1 0 63 1101 16051 588 7014 5564 98 1 0 71 314 12 380 437 431 29 9 3957 13 8 23 4 5776 24 102 141 5214 9 3 141 17 367 422 205 2 2 22 49 2 15 1 19 10 28 3777 2373 964 0 2 112 315 35
605 1 12 0 879 2723 110 14 10 14 2 12 14 129 744 4903 0 14 1 0 1 1 2 379 0 4 10 4 4 42 53 34 1 4 0 0 4 2 8 4 0 45 0 2 5 4 28 10 7 10 0 0 206 95 110 0 1 0 0 0 2 1 80 70 196 3 90 4 1 2 187 9 1 1 0 4047 6 24 42 5475 1441 260 75 32 8 14 341 290 130 4224 11410 6 121 48 39 26 21 10 391 164 77 61 21 122 88 34 3 5 51 4 43 214 157 29 18 63 204 83 34 28 44 53 154 54 206 20 1 266 2695 1851 29 28 10 9 43 47 10 527 55 159 19 593 24 29 110 127 22 42 153 2
1043 0 7 0 1357 3412 86 20 6 15 3 6 12 137 799 6183 1 10 0 1 2 1 0 687 2 1 7 0 5 49 151 109 0 4 1 0 7 2 13 4 1 76 0 6 3 1 22 14 7 5 0 0 130 71 209 0 1 0 0 3 0 2 79 378 369 4 196 2 5 4 577 12 0 0 0 768 4 101 7 1441 29148 9083 731 1005 759 8 49 74 27 213 15851 1 19 12 13 13 29 163 298 12 17 95 22 7 1550 3415 809 0 25 10 1 14 26 7 7 6 2041 24 50 149 8 775 28 7 20 11 2 9 32 36 1 5 8 9 3 6 15 33 2392 240 193 14052 11 4 16 7533 801 8 9 0
66 0 25 0 51 202 560 105 12 24 5 95 2 111 1268 5170 1 6 3 2 1 0 6 34 5 1 20 2 106 124 0 0 0 3 0 0 15 2 4 16 1 36 0 3 8 1 95 2 4 5 1 0 132 43 749 1 1 0 1 0 2 1 18 4 2 3 80 3 5 75 0 35 0 3 0 44 0 246 8 260 9083 14689 7934 1178 547 3 246 23 24 138 13222 2 12 4 5 2 21 82 9 5 5 49 11 14 1765 19 10 0 5 0 5 12 4 7 3 1 271 1 3 96 3 1437 9 1 27 4 0 32 24 29 2 5 0 3 0 5 8 5 22 4 220 4146 10 54 9 5 1050 4 2 1
5 0 484 5 4 24 246 351 1 6 1 37 0 20 265 3873 1 6 3 0 0 0 0 7 9 9 37 50 1069 79 0 0 1 3 0 1 6 3 1 8 0 29 0 1 0 67 152 1 1 6 0 0 25 6 281 0 0 0 0 0 1 3 0 0 2 0 324 15 16 257 0 15 0 2 0 12 0 3990 13 75 731 7934 11454 1737 240 3 124 10 6 69 10126 0 7 3 2 3 10 50 11 2 5 151 38 345 1280 8 5 1 3 1 2 3 4 2 9 5 76 1 2 55 11 3734 5 1 14 1 0 9 11 15 0 4 0 0 0 0 4 3 10 2 119 4494 7 30 71 1 825 1 3 0
7 1 40 3 5 11 17 4 7 5 11 3 1 7 42 240 4 1 8 5 3 4 0 14 9 17 118 26 32 287 1 0 1 46 5 11 55 24 0 0 6 16 8 27 6 9 36 8 20 2 3 0 6 1 13 6 3 0 2 1 12 3 2 4 9 13 42 13 1 13 1 21 4 24 2 6 3 232 3 32 1005 1178 1737 3409 983 2 19 5 2 15 760 9 9 13 10 8 20 38 11 23 42 307 23 15 2880 45 14 15 144 5 25 39 49 0 0 36 175 11 31 106 11 813 5 48 7 9 0 4 1 6 7 20 6 6 1 3 3 1 52 14 234 2744 30 5 4 9 2876 6 30 8
1 1 29 1 1 11 10 3 3 3 5 4 0 4 27 132 0 1 4 7 0 4 0 4 2 9 31 17 18 62 0 5 0 5 1 0 21 6 0 1 1 10 5 5 4 7 13 0 11 1 2 0 8 0 16 0 0 1 2 0 1 2 2 3 2 7 10 5 1 5 0 2 2 4 1 3 7 5 1 8 759 547 240 983 829 58 9 3 4 8 378 12 2 60 161 15 32 233 11 53 33 112 1 5 3030 50 17 22 157 12 27 50 43 0 0 28 176 13 19 770 0 16 3 53 0 15 1 1 0 1 14 108 17 85 1 9 38 1 49 8 1314 2200 2 0 1 16 114 2 48 13
0 51 2 0 0 3 2 0 1 5 460 2 0 0 2 5 1 3 48 381 32 181 27 4 4 6 82 3 2 283 0 0 2 32 1 3 104 26 1 0 2 164 233 13 324 0 2 4 30 0 3 4 0 0 0 2 20 9 47 3 27 68 0 0 4 353 49 0 0 1 1 1 5 24 2 19 509 1 0 14 8 3 3 2 58 27893 4 13 1 5 14 28 40 643 22126 434 9969 438 133 28 18 84 2 2 3566 4 0 5 533 50 31 478 521 1 0 18 899 25028 277 26935 1 0 36 276 1 178 282 0 0 0 2 92 185 198 13 162 1216 0 70 109 4726 108 4 1 1 2 7 38 282 8
23 0 134 4 16 19 79 37 4 5 3 14 1 45 316 1143 3 3 0 2 0 0 0 12 1 27 75 66 149 72 1 0 1 7 0 0 6 3 2 5 3 4 2 1 1 35 37 1 3 1 0 0 33 10 169 2 5 1 0 0 1 0 5 0 2 1 16 35 6 55 2 13 0 5 3 264 3 316 9605 341 49 246 124 19 9 4 11603 2427 6667 8305 14036 568 1318 123 7 85 5 6 518 2406 4092 974 1077 2069 282 0 0 25 417 11 419 1934 1580 616 452 1109 42 25 71 7 1006 161 673 90 14172 62 5 4997 324 2767 565 394 8 7 282 284 8 463 3 151 15 136 856 16620 1593 0 32 506 1498 25
27 0 6 0 39 84 7 0 1 0 0 0 0 12 61 338 0 2 1 0 0 0 0 20 0 1 5 4 10 12 1 1 0 2 0 1 2 1 0 2 1 0 1 0 0 3 3 0 0 0 0 0 18 5 13 0 0 0 1 0 0 0 5 3 7 0 2 4 0 2 7 0 0 0 0 161 12 10 103 290 74 23 10 5 3 13 2427 2139 1405 836 1229 18 639 33 32 11 9 3 3493 131 210 45 41 123 19 2 2 3 57 5 51 211 180 1701 319 97 74 58 36 11 73 16 1578 43 4590 16 8 181 96 229 48 15 1 7 27 29 4 497 9 1598 3 63 32 94 79 8 0 53 122 1
21 0 5 0 14 38 26 2 0 1 0 7 0 20 139 434 0 0 0 0 0 0 0 18 1 3 8 5 8 14 0 0 1 2 0 0 0 0 0 1 1 4 1 0 0 5 4 1 0 1 0 0 26 18 52 0 0 0 0 0 0 1 8 0 6 0 2 2 0 3 2 2 0 2 0 306 1 11 64 130 27 24 6 2 4 1 6667 1405 3189 4226 1830 9 122 34 2 21 0 2 434 396 131 120 61 152 21 0 0 2 69 0 46 407 279 862 2731 45 8 7 11 0 108 20 291 11 988 13 0 4884 222 801 63 56 2 0 76 81 4 730 2 140 1 36 52 677 140 1 2 102 335 1
132 1 137 9 177 712 561 215 8 19 2 142 9 188 1644 6122 5 8 6 0 0 0 3 114 6 32 73 54 416 186 5 1 2 4 1 4 13 7 9 40 5 16 2 0 5 29 132 5 6 13 0 0 227 99 719 2 1 0 0 1 0 4 68 1 30 4 54 17 57 186 11 32 1 6 3 2573 5 60 703 4224 213 138 69 15 8 5 8305 836 4226 33960 18773 151 304 284 15 194 5 6 298 2879 444 1258 423 3333 82 5 0 15 217 6 130 1796 1142 165 661 182 70 16 63 3 1582 60 212 76 618 102 1 30954 12274 23202 207 421 7 8 517 415 7 2787 12 73 13 219 496 8797 8979 17 11 377 2080 8
868 5 1783 63 1085 4468 4127 3002 62 140 35 756 39 949 8187 47495 32 91 44 5 2 7 13 681 68 56 338 123 6291 1438 32 20 3 34 0 10 86 43 27 169 14 210 4 5 43 156 1618 19 31 70 3 0 1190 392 3980 22 21 0 1 3 7 11 249 65 180 18 873 51 553 2150 88 164 7 48 4 1987 10 11812 2617 11410 15851 13222 10126 760 378 14 14036 1229 1830 18773 107727 246 1065 102 46 39 21 113 605 518 470 1216 369 6080 2027 72 7 14 267 7 172 472 464 278 449 263 817 50 28 87 423 2421 687 81 1974 28 8 2379 2291 24467 83 73 7 7 68 65 11 607 52 182 130 7196 226 4277 10149 225 625 129 346 16
0 0 23 1 0 0 0 1 1 1 5 0 0 0 2 11 0 2 4 7 1 1 0 1 3 8 15 15 12 36 0 0 0 5 0 2 9 3 0 0 2 1 8 4 4 10 6 2 5 0 0 0 0 0 2 0 0 0 0 0 1 2 0 0 1 3 4 11 0 3 0 5 1 3 3 6 26 108 948 6 1 2 0 9 12 28 568 18 9 151 246 2047 861 104 78 26 14 4 14 136 650 693 1116 995 155 1 0 180 213 100 88 84 92 4 0 4161 39 105 106 28 1371 8 43 2243 2787 5 8 19 8 59 22 78 15 12 27 21 4 6 4 10 32 17 451 67 222 0 6 20 81 31
1 7 20 1 1 5 6 3 0 2 9 1 0 2 9 43 1 2 1 10 1 5 2 4 2 3 16 4 8 53 0 0 0 6 1 0 22 4 0 0 0 7 4 2 11 1 2 0 6 1 3 0 1 0 6 1 1 0 7 0 3 2 0 2 0 5 5 5 0 2 0 5 0 1 1 47 34 28 373 121 19 12 7 9 2 40 1318 639 122 304 1065 861 1620 98 88 38 23 4 555 107 192 95 93 363 67 0 0 16 108 19 55 113 86 230 28 227 20 224 42 45 237 16 1647 147 4424 9 16 39 19 244 23 29 17 21 27 27 14 15 12 133 26 17 36 122 273 0 9 23 99 4
0 16 7 1 2 2 2 4 1 1 86 1 0 0 8 31 5 0 17 111 6 40 3 4 5 8 40 8 18 95 0 1 2 26 1 2 77 24 0 0 4 33 66 13 66 2 6 1 19 1 6 1 0 0 3 0 5 5 20 1 6 19 0 0 2 62 25 6 0 4 0 5 3 8 4 42 7583 27 29 48 12 4 3 13 60 643 123 33 34 284 102 104 98 27184 11716 14242 301 405 288 6951 168 3877 316 75 1040 6 1 173 3768 215 475 4696 3285 2 4 269 442 19587 692 387 278 12 99 1235 24 1123 280 40 36 55 113 5675 22330 9710 11525 4475 1782 4 91 234 692 75 296 60 59 6 21 614 6208 164
2 160 3 1 0 16 1 0 2 7 880 3 2 1 4 11 7 7 149 887 87 472 44 10 19 18 191 6 10 677 0 0 13 101 11 10 318 61 0 0 7 315 662 64 677 2 4 17 79 2 25 2 0 0 2 7 54 33 152 10 53 131 0 3 13 679 169 3 2 1 1 2 5 60 4 46 6055 9 10 39 13 5 2 10 161 22126 7 32 2 15 46 78 88 11716 26516 5936 3384 702 357 324 108 1806 12 6 1900 7 2 99 3278 215 287 1651 1947 1 1 113 1284 35829 680 5638 10 7 122 1283 16 653 743 2 3 4 30 2633 4996 8993 238 846 2176 2 113 270 3837 244 13 4 1 7 17 122 1482 60
0 18 0 0 0 0 2 1 1 0 105 0 1 1 4 18 0 2 24 102 12 56 5 0 2 7 25 1 4 95 0 0 2 24 2 3 54 17 0 0 0 27 82 13 84 0 3 3 15 0 5 1 1 0 1 4 7 2 27 0 7 17 0 0 1 64 10 0 0 1 0 6 3 8 1 56 13811 1 13 26 13 2 3 8 15 434 85 11 21 194 39 26 38 14242 5936 51274 435 3506 128 723 31 671 99 26 242 6 1 8 478 42 35 2856 1203 2 2 16 430 6125 1675 409 97 1 25 230 12 7074 3467 62 38 23 12 1158 4064 2180 2583 10968 15145 3 63 122 274 33 62 49 12 2 3 112 1100 0
0 23 3 0 0 1 2 0 1 3 163 0 0 0 1 10 1 1 23 171 19 106 9 0 3 2 37 0 3 129 0 0 0 17 2 3 51 10 0 0 0 78 91 8 139 1 1 1 22 1 4 0 0 0 1 0 13 4 31 4 11 39 0 0 3 179 16 1 0 2 0 1 2 7 0 12 349 2 1 21 29 21 10 20 32 9969 5 9 0 5 21 14 23 301 3384 435 23021 3491 100 26 19 49 0 1 1077 6 1 3 313 36 14 361 443 0 0 8 1087 18957 299 17064 0 3 23 145 1 295 1311 1 0 2 2 54 129 125 14 115 8516 0 69 94 1105 48 1 1 0 2 12 38 166 1
0 4 30 0 0 1 2 1 0 0 38 0 0 0 5 28 2 2 3 25 4 16 5 2 3 2 19 25 5 42 0 1 1 6 0 0 17 6 0 0 2 14 24 2 39 14 5 1 7 0 1 0 0 0 7 0 0 0 7 0 3 10 0 0 2 24 14 0 0 1 0 0 1 1 0 7 152 1 0 10 163 82 50 38 233 438 6 3 2 6 113 4 4 405 702 3506 3491 15885 34 50 11 107 4 0 433 10 6 3 116 30 13 383 140 1 1 14 4605 786 6677 3664 0 3 2 39 3 3031 162 0 0 1 6 115 202 192 18 151 7026 3 40 26 961 322 2 0 0 6 24 20 59 8
176 1 5 1 199 516 11 3 1 3 16 1 0 11 60 602 0 2 4 10 0 4 0 137 0 6 39 8 2 83 71 38 2 11 3 3 21 7 0 0 1 35 16 3 13 2 12 3 15 1 1 0 12 11 5 0 4 0 2 0 6 2 6 113 66 12 47 1 0 2 172 9 0 5 0 570 124 14 63 391 298 9 11 11 11 133 518 3493 434 298 605 14 555 288 357 128 100 34 12520 135 126 97 27 58 135 222 150 1 452 156 50 265 548 335 84 64 3237 728 961 154 43 17 6411 244 742 104 55 85 67 117 35 72 106 85 84 84 71 190 5586 12785 56 236 11 47 38 178 36 77 189 2
2 2 100 5 0 3 18 8 9 3 27 5 1 5 43 154 2 3 6 24 8 13 4 9 14 78 185 90 66 220 0 1 6 43 3 5 55 25 1 0 13 15 16 17 21 21 45 4 21 1 7 0 11 0 21 6 3 1 7 0 13 4 1 0 8 12 32 64 1 15 1 8 2 14 5 305 55 64 1101 164 12 5 2 23 53 28 2406 131 396 2879 518 136 107 6951 324 723 26 50 135 22486 3397 14581 2246 1152 1675 3 0 187 2415 134 576 3501 5638 41 65 676 191 92 190 71 2164 16 58 589 133 170 7 713 260 270 4350 22049 793 1106 1244 725 88 82 40 80 537 124 3108 1075 267 2 22 1217 20139 140
2 0 579 27 4 4 1 7 13 5 10 26 1 7 17 62 4 9 11 12 4 4 0 7 34 278 541 553 75 508 0 0 14 62 2 24 29 20 0 0 32 13 8 9 4 237 144 9 56 11 3 0 2 1 7 15 19 3 0 0 7 4 2 4 4 7 62 229 4 15 0 13 2 21 8 118 10 134 16051 77 17 5 5 42 33 18 4092 210 131 444 470 650 192 168 108 31 19 11 126 3397 21867 2516 4247 787 607 1 1 328 2977 94 3389 1762 3318 56 26 13846 124 79 123 20 810 58 89 588 1159 43 5 122 52 71 1593 835 17 29 44 113 16 52 21 61 61 193 6492 644 71 2 20 425 2151 185
9 27 1006 58 7 12 29 50 57 22 84 51 3 12 71 614 27 18 42 97 19 55 11 36 119 650 1281 752 345 1933 0 1 50 238 16 81 205 116 2 7 85 90 78 79 72 296 439 24 135 20 18 2 12 0 41 34 70 5 14 4 24 18 1 3 28 83 227 393 24 61 1 66 8 57 45 81 74 1786 588 61 95 49 151 307 112 84 974 45 120 1258 1216 693 95 3877 1806 671 49 107 97 14581 2516 22923 3429 5480 4284 7 1 597 2161 209 558 929 866 15 17 1593 314 133 184 233 2372 596 48 1217 111 119 11 257 71 199 1165 21974 808 2305 300 311 163 23 33 85 1124 1187 6531 469 767 1 249 206 3941 319
3 2 1108 56 2 6 5 20 17 5 2 28 0 5 15 123 21 2 6 4 1 1 0 4 28 278 418 720 227 462 0 0 21 29 4 13 11 8 1 7 24 11 2 1 2 376 215 1 35 14 1 0 6 0 15 13 7 0 1 1 1 0 0 0 1 7 82 236 5 23 0 9 0 14 14 28 3 5516 7014 21 22 11 38 23 1 2 1077 41 61 423 369 1116 93 316 12 99 0 4 27 2246 4247 3429 25745 5708 93 3 0 53 136 17 93 405 261 9 10 447 15 8 18 1 21116 134 23 301 205 16 0 143 26 54 111 709 3 9 166 123 4 11 5 8 9 346 21159 339 248 0 4 94 987 26
1 0 2663 67 2 6 30 583 11 3 1 60 0 6 70 3684 10 10 9 3 1 2 1 5 19 87 213 394 3666 295 0 1 4 9 0 6 17 12 0 4 7 5 1 1 3 420 638 3 7 12 3 0 10 1 27 5 11 1 1 1 3 0 1 0 0 1 165 80 81 656 1 6 0 18 3 103 4 8432 5564 122 7 14 345 15 5 2 2069 123 152 3333 6080 995 363 75 6 26 1 0 58 1152 787 5480 5708 23195 786 1 0 18 79 10 52 263 200 27 29 175 15 6 11 0 40008 116 103 114 524 10 0 1032 125 785 186 424 2 2 58 50 1 25 1 18 4 294 2377 8223 16202 1 6 74 485 10
16 65 943 50 9 31 60 66 63 36 230 43 9 31 182 995 37 22 83 224 30 111 16 68 111 420 1334 559 427 2482 1 0 52 376 15 72 478 251 1 7 71 240 174 168 204 260 448 44 197 20 48 1 20 0 124 43 66 14 46 3 61 49 2 14 55 213 397 309 13 90 4 104 26 147 30 40 102 1113 98 88 1550 1765 1280 2880 3030 3566 282 19 21 82 2027 155 67 1040 1900 242 1077 433 135 1675 607 4284 93 786 13761 69 23 348 1770 174 417 472 598 4 3 686 1207 581 260 6003 104 4941 55 822 45 91 46 26 15 36 220 1397 188 571 30 114 187 4 135 111 9773 3705 83 72 98 15 6692 61 744 210
152 1 2 0 111 374 3 1 1 6 0 0 0 0 3 293 1 0 0 1 0 0 0 236 0 0 2 0 0 4 97 156 1 2 0 0 1 0 0 0 0 24 0 1 0 0 3 2 0 0 0 0 2 0 0 0 0 0 0 0 0 1 1 358 74 1 98 1 0 0 210 0 0 0 0 126 3 10 1 34 3415 19 8 45 50 4 0 2 0 5 72 1 0 6 7 6 6 10 222 3 1 7 3 1 69 5448 5212 0 34 18 0 9 23 0 0 4 2805 22 92 17 1 25 1 4 1 3 2 0 1 0 0 2 3 1 2 6 5 2 6539 124 10 1633 2 1 0 3288 26 3 4 0
7 0 0 0 2 14 0 0 0 0 0 0 0 0 1 9 0 0 0 0 0 0 0 17 0 0 0 0 0 1 2 25 0 0 0 0 0 0 0 0 0 2 1 0 0 0 0 0 0 0 0 0 0 0 0 0 0 0 0 0 0 0 0 13 0 0 10 0 0 0 9 0 0 0 0 28 0 1 0 3 809 10 5 14 17 0 0 2 0 0 7 0 0 1 2 1 1 6 150 0 1 1 0 0 23 5212 1337 0 8 3 0 1 11 0 0 0 3203 2 32 1 0 6 2 1 0 1 0 0 0 0 0 0 1 0 0 2 1 0 8508 91 3 532 2 0 0 528 11 1 1 0
0 0 37 2 0 0 0 1 3 1 2 1 1 1 2 0 1 0 4 2 1 1 0 0 1 14 57 30 6 47 0 0 2 6 0 1 16 4 0 0 6 4 2 3 3 12 11 0 8 0 1 0 0 0 0 0 1 0 0 0 0 0 0 0 0 2 7 13 0 1 0 4 1 3 2 1 2 42 71 5 0 0 1 15 22 5 25 3 2 15 14 180 16 173 99 8 3 3 1 187 328 597 53 18 348 0 0 3233 4211 1626 984 21 28 0 1 2843 14 10 2 6 30 19 3 2462 44 7 0 0 2 3 12 198 16 36 4 4 2 1 0 2 86 40 103 4 6 0 10 4 140 1904
0 25 115 7 4 6 3 2 11 7 104 8 0 3 18 33 6 14 26 102 23 38 1 8 22 99 347 136 24 604 0 1 14 128 13 23 238 89 1 0 13 58 84 55 91 49 72 25 80 2 18 0 1 2 3 8 17 7 19 3 32 9 0 2 14 61 88 95 4 7 1 37 11 54 6 130 487 79 314 51 25 5 3 144 157 533 417 57 69 217 267 213 108 3768 3278 478 313 116 452 2415 2977 2161 136 79 1770 34 8 4211 25446 4943 8536 1623 6953 12 7 5199 1186 2401 797 561 102 87 64 6942 214 183 132 56 39 40 459 1498 594 689 480 242 234 16 347 292 859 391 235 121 20 25 155 336 19799 2590
0 2 10 2 0 1 0 1 1 2 12 2 0 0 2 3 0 2 2 14 3 5 0 0 1 7 25 15 1 56 0 1 0 12 2 0 30 9 0 0 0 8 9 6 5 8 4 1 6 0 0 0 0 0 0 0 0 3 1 0 3 7 0 0 0 7 9 6 1 0 0 4 0 2 0 13 61 13 12 4 10 0 1 5 12 50 11 5 0 6 7 100 19 215 215 42 36 30 156 134 94 209 17 10 174 18 3 1626 4943 951 101 36 101 0 0 413 1898 240 1817 56 9 6 3 1597 10 23 17 1 0 2 11 111 51 45 31 25 18 0 179 68 90 26 26 3 1 10 13 12 148 161
0 0 47 1 0 1 0 0 3 2 5 2 0 4 4 12 3 5 4 5 0 3 2 1 2 34 102 49 12 129 0 0 3 17 0 6 21 7 0 1 3 4 5 11 11 21 16 2 15 1 1 0 0 1 4 5 4 0 1 0 7 0 0 2 0 6 13 30 0 4 0 4 1 9 2 64 15 32 380 43 1 5 2 25 27 31 419 51 46 130 172 88 55 475 287 35 14 13 50 576 3389 558 93 52 417 0 0 984 8536 101 3417 656 1403 10 10 5831 94 59 63 36 47 20 29 251 160 15 4 30 24 24 277 267 49 62 19 32 7 12 13 27 125 93 88 129 14 1 27 116 1350 2329
1 29 11 1 2 7 5 4 8 6 101 8 0 3 22 84 2 7 25 93 20 54 6 14 13 23 112 16 13 319 0 0 2 91 13 7 179 56 0 0 3 55 79 44 75 13 23 7 47 2 12 1 2 2 10 5 7 5 29 2 30 12 0 0 11 74 35 13 0 7 0 18 8 29 3 486 491 14 437 214 14 12 3 39 50 478 1934 211 407 1796 472 84 113 4696 1651 2856 361 383 265 3501 1762 929 405 263 472 9 1 21 1623 36 656 28574 9010 52 48 420 681 2016 6379 495 463 29 79 170 186 7469 161 642 221 143 692 610 644 417 4805 10081 389 98 112 196 285 106 195 748 58 6 58 5897 5458 12
2 23 47 0 1 4 7 1 6 4 87 9 1 0 17 72 9 6 15 92 18 36 6 9 12 33 173 45 15 360 1 1 4 96 17 11 194 63 0 1 7 42 81 46 77 8 29 9 57 1 21 0 2 0 11 3 10 6 14 3 32 15 0 4 9 62 50 24 0 8 0 28 13 25 2 388 715 13 431 157 26 4 4 49 43 521 1580 180 279 1142 464 92 86 3285 1947 1203 443 140 548 5638 3318 866 261 200 598 23 11 28 6953 101 1403 9010 36911 42 55 908 937 3260 4946 579 325 26 105 232 175 454 260 345 123 87 1635 652 580 438 3196 1735 374 83 310 383 281 164 174 608 31 13 69 9650 29310 23
2 0 2 0 5 13 3 0 0 0 0 1 0 7 17 46 0 0 0 0 0 0 0 0 0 2 1 2 0 3 0 0 0 0 0 0 0 0 0 0 0 0 0 0 0 0 1 0 0 0 0 0 2 1 9 0 0 0 0 0 0 0 3 0 2 0 3 0 0 0 0 1 0 0 0 65 0 2 29 29 7 7 2 0 0 1 616 1701 862 165 278 4 230 2 1 2 0 1 335 41 56 15 9 27 4 0 0 0 12 0 10 52 42 452 103 24 3 1 2 0 18 4 322 3 2081 0 0 15 24 64 11 6 1 1 4 5 0 150 0 192 0 7 4 31 30 1 0 17 22 0
1 0 1 0 2 10 5 0 1 0 0 1 1 10 39 103 0 0 0 0 0 0 0 3 1 1 1 1 0 3 0 0 0 1 0 0 0 0 0 0 0 0 0 0 0 1 2 0 1 0 0 0 6 1 18 0 0 0 0 0 1 0 2 0 0 0 0 0 0 2 0 1 0 0 0 52 0 7 9 18 7 3 9 0 0 0 452 319 2731 661 449 0 28 4 1 2 0 1 84 65 26 17 10 29 3 0 0 1 7 0 10 48 55 103 111 19 1 2 2 0 11 2 40 3 364 4 0 693 45 161 12 9 1 0 14 12 0 197 0 29 0 4 4 83 30 0 2 13 38 1
1 1 175 12 0 7 0 1 7 0 7 5 0 2 13 22 2 3 6 8 3 7 1 3 13 79 148 129 24 198 0 1 5 14 0 14 18 9 0 0 9 6 7 11 3 74 44 3 15 5 1 0 4 0 4 5 4 0 0 2 6 1 0 1 2 6 30 80 6 3 0 7 0 8 9 47 9 148 3957 63 6 1 5 36 28 18 1109 97 45 182 263 4161 227 269 113 16 8 14 64 676 13846 1593 447 175 686 4 0 2843 5199 413 5831 420 908 24 19 12859 46 57 51 24 288 52 101 2389 1754 19 1 48 29 52 244 375 13 56 19 29 9 18 11 24 120 103 438 200 49 1 20 94 808 1545
69 29 84 3 78 751 146 22 44 39 168 9 3 10 92 1075 5 10 39 197 25 105 19 165 16 26 144 43 27 530 51 154 8 101 6 16 160 77 0 4 7 334 108 48 164 21 51 16 51 6 6 1 9 7 49 9 14 4 37 5 32 33 1 236 51 258 262 17 1 2 96 40 6 26 5 256 227 14 13 204 2041 271 76 175 176 899 42 74 8 70 817 39 20 442 1284 430 1087 4605 3237 191 124 314 15 15 1207 2805 3203 14 1186 1898 94 681 937 3 1 46 14483 1362 10344 2317 8 56 203 288 16 262 84 11 18 14 37 236 141 220 70 212 454 1 10826 2576 1774 4489 10 5 4 1301 141 108 336 8
0 41 4 1 0 2 2 0 0 1 334 0 1 0 0 6 3 5 48 342 27 172 23 2 3 4 95 5 3 259 0 0 6 37 4 8 103 26 0 1 1 120 222 21 316 2 6 1 20 0 12 0 0 0 0 5 18 9 72 3 17 67 0 1 1 307 42 3 0 1 1 9 5 13 0 106 22648 3 8 83 24 1 1 11 13 25028 25 58 7 16 50 105 224 19587 35829 6125 18957 786 728 92 79 133 8 6 581 22 2 10 2401 240 59 2016 3260 1 2 57 1362 120638 1190 8439 4 10 209 1602 16 913 8015 2 3 3 18 96 9717 809 79 788 7200 3 288 600 351 78 12 8 1 9 16 176 1770 7
2 9 7 0 2 1 0 0 0 3 39 0 0 0 2 6 3 4 10 38 5 22 3 5 14 17 76 5 4 198 1 1 2 42 1 4 85 21 0 0 4 15 26 7 32 3 17 2 24 0 7 0 0 0 0 2 3 1 15 2 6 9 0 5 1 40 18 6 1 1 0 10 5 11 2 68 244 0 23 34 50 3 2 31 19 277 71 36 11 63 28 106 42 692 680 1675 299 6677 961 190 123 184 18 11 260 92 32 2 797 1817 63 6379 4946 2 2 51 10344 1190 17857 365 20 24 43 263 15 5226 96 15 10 6 58 148 209 172 135 1018 1175 4 1075 640 149 112 9 23 4 80 51 3620 804 1
1 40 8 0 0 4 2 1 1 1 308 1 1 1 4 23 3 2 42 286 23 189 23 5 4 6 88 6 9 247 0 0 3 36 4 5 97 25 0 1 3 154 189 22 297 5 7 4 23 0 8 3 1 0 5 2 14 6 48 0 18 71 0 2 5 315 41 4 0 1 0 3 3 15 3 33 280 6 4 28 149 96 55 106 770 26935 7 11 0 3 87 28 45 387 5638 409 17064 3664 154 71 20 233 1 0 6003 17 1 6 561 56 36 495 579 0 0 24 2317 8439 365 16711 4 10 48 228 2 324 363 0 3 0 13 327 167 348 10 144 2177 0 110 146 8467 258 3 2 0 9 54 62 299 8
0 1 1062 60 2 3 7 26 18 3 1 49 0 11 16 295 20 4 1 2 0 0 1 3 15 197 223 498 433 269 0 0 13 9 0 8 6 5 1 0 17 0 1 0 0 250 213 0 22 23 0 0 4 1 9 6 7 0 1 1 1 0 0 1 0 1 38 129 3 69 0 7 0 5 7 46 3 9057 5776 44 8 3 11 11 0 1 1006 73 108 1582 423 1371 237 278 10 97 0 0 43 2164 810 2372 21116 40008 104 1 0 30 102 9 47 463 325 18 11 288 8 4 20 4 22771 34 74 187 401 17 1 417 59 85 87 506 9 2 224 137 2 21 0 14 3 119 2824 758 1929 1 4 124 969 17
5 3 1379 49 8 10 74 79 38 5 8 36 2 9 123 1015 6 7 6 7 2 5 2 13 21 193 491 475 670 637 0 0 6 49 4 15 28 23 2 5 18 29 5 12 7 327 277 6 34 5 4 0 16 4 101 9 10 1 3 1 3 2 2 2 6 9 240 206 14 102 0 28 1 15 7 10 0 5740 24 53 775 1437 3734 813 16 0 161 16 20 60 2421 8 16 12 7 1 3 3 17 16 58 596 134 116 4941 25 6 19 87 6 20 29 26 4 2 52 56 10 24 10 34 8929 12 26 21 4 0 20 9 21 11 6 5 4 0 2 1 3 38 15 96 4123 63 40 31 6 3366 4 23 9
5 0 7 0 2 14 1 1 0 0 6 0 0 2 16 49 0 0 2 6 0 3 0 3 2 3 13 3 1 24 1 0 0 6 0 1 10 3 0 1 0 1 8 0 1 1 1 0 2 0 0 0 1 1 3 0 0 0 2 1 0 0 2 1 1 6 4 1 0 1 1 3 0 1 0 62 45 12 102 154 28 9 5 5 3 36 673 1578 291 212 687 43 1647 99 122 25 23 2 6411 58 89 48 23 103 55 1 2 3 64 3 29 79 105 322 40 101 203 209 43 48 74 12 5250 183 2542 20 10 32 53 146 10 26 23 18 23 22 29 40 25 714 15 14 17 40 90 3 5 11 67 2
1 14 43 1 0 4 0 0 4 4 82 3 0 1 6 15 6 7 17 65 19 33 3 16 7 33 106 46 15 315 0 1 1 65 11 17 141 68 0 0 7 24 46 57 55 18 28 6 29 3 8 0 3 0 2 5 7 1 14 5 26 9 0 0 12 41 25 23 0 1 0 16 4 25 3 45 310 62 141 54 7 1 1 48 53 276 90 43 11 76 81 2243 147 1235 1283 230 145 39 244 589 588 1217 301 114 822 4 1 2462 6942 1597 251 170 232 3 3 2389 288 1602 263 228 187 26 183 4767 120 27 55 16 12 13 51 622 242 275 252 92 69 3 53 187 420 96 248 21 15 4 52 27 1241 99
1 0 34 2 3 9 5 6 0 2 0 1 0 0 31 107 0 1 0 0 0 0 0 4 0 6 18 18 12 14 0 0 0 1 0 0 1 0 0 0 0 0 0 0 0 9 3 0 1 0 0 0 10 1 9 0 0 0 0 0 0 0 1 0 0 1 4 5 3 3 2 1 0 3 0 121 4 82 5214 206 20 27 14 7 0 1 14172 4590 988 618 1974 2787 4424 24 16 12 1 3 742 133 1159 111 205 524 45 1 0 44 214 10 160 186 175 2081 364 1754 16 16 15 2 401 21 2542 120 12660 7 4 63 100 360 62 24 0 3 17 23 2 104 3 187 3 31 129 475 270 2 3 38 102 28
0 4 3 0 0 1 0 0 0 0 29 0 0 0 2 3 3 2 8 41 5 13 0 3 2 4 20 2 2 65 0 1 3 12 0 1 29 9 0 0 0 15 29 6 25 2 4 4 8 1 2 0 0 0 0 0 2 1 4 0 6 10 0 0 1 29 9 1 1 4 0 10 2 5 1 24 272 3 9 20 11 4 1 9 15 178 62 16 13 102 28 5 9 1123 653 7074 295 3031 104 170 43 119 16 10 91 3 1 7 183 23 15 7469 454 0 4 19 262 913 5226 324 17 4 20 27 7 9686 144 21 12 2 24 202 386 258 180 4107 4966 6 52 73 125 29 14 28 1 2 15 118 178 1
1 1 1 0 1 0 0 0 0 0 15 0 0 0 0 3 0 0 0 8 2 11 1 0 1 2 5 1 1 15 0 0 0 0 1 0 0 0 0 0 0 9 12 0 13 0 0 0 1 0 0 0 0 0 0 0 1 0 2 0 1 3 0 0 0 13 5 0 0 0 0 0 0 2 0 11 1371 0 3 1 2 0 0 0 1 282 5 8 0 1 8 8 16 280 743 3467 1311 162 55 7 5 11 0 0 46 2 0 0 132 17 4 161 260 0 0 1 84 8015 96 363 1 0 10 55 4 144 1411 1 0 1 4 13 147 95 3 59 2626 0 20 47 34 6 1 3 0 0 1 22 86 0
16 0 18 2 15 26 58 13 2 2 0 19 1 28 248 801 2 1 0 0 0 0 0 19 3 5 15 7 59 27 0 0 0 0 0 0 1 3 0 5 1 3 0 0 1 3 24 0 0 0 0 0 26 17 110 0 0 0 0 0 0 0 11 0 0 0 6 4 6 34 0 4 0 1 0 483 2 10 141 266 9 32 9 4 1 0 4997 181 4884 30954 2379 19 39 40 2 62 1 0 85 713 122 257 143 1032 26 0 0 0 56 1 30 642 345 15 693 48 11 2 15 0 417 20 32 16 63 21 1 16496 3323 1893 74 124 1 1 140 162 2 516 0 13 3 17 128 8985 431 1 1 168 618 2
51 1 5 1 55 199 60 3 5 3 1 1 5 48 343 1123 2 2 3 0 0 0 1 35 1 3 3 2 3 16 0 0 1 2 0 1 2 1 5 3 1 3 0 0 0 3 8 1 0 2 0 0 67 54 97 0 0 0 0 0 1 1 17 0 10 0 16 0 1 2 1 2 0 1 0 1288 0 7 17 2695 32 24 11 1 0 0 324 96 222 12274 2291 8 19 36 3 38 0 0 67 260 52 71 26 125 15 1 0 2 39 0 24 221 123 24 45 29 18 3 10 3 59 9 53 12 100 12 0 3323 7076 9539 25 34 3 2 57 63 1 774 1 12 0 33 24 59 161 0 6 71 197 3
53 0 49 1 48 124 382 120 7 25 4 72 0 76 851 3350 1 14 0 0 1 2 5 34 5 10 25 11 224 113 0 0 0 5 0 1 15 7 2 16 1 9 0 1 6 8 90 2 3 4 0 0 154 57 459 2 1 0 0 0 1 3 22 0 5 2 34 2 25 99 1 21 1 4 2 634 1 22 367 1851 36 29 15 6 1 0 2767 229 801 23202 24467 59 244 55 4 23 2 1 117 270 71 199 54 785 36 0 0 3 40 2 24 143 87 64 161 52 14 3 6 0 85 21 146 13 360 2 1 1893 9539 30966 28 20 2 1 31 30 2 247 1 28 1 52 46 908 5319 1 2 29 150 4
2 0 28 0 0 0 1 2 1 3 0 1 0 1 6 15 1 3 0 0 0 1 0 4 5 27 59 30 6 56 0 0 1 8 2 0 13 3 0 1 3 3 2 5 2 4 5 3 7 0 1 0 1 0 2 2 1 0 0 0 3 0 0 0 4 4 3 16 0 2 0 4 1 5 0 41 7 15 422 29 1 2 0 7 14 2 565 48 63 207 83 22 23 113 30 12 2 6 35 4350 1593 1165 111 186 220 0 0 12 459 11 277 692 1635 11 12 244 37 18 58 13 87 11 10 51 62 24 4 74 25 28 520 2387 4 9 30 56 2 17 8 14 29 31 254 180 12 1 9 230 2150 17
0 18 21 2 2 1 2 0 2 0 84 3 0 1 7 26 1 4 26 98 12 52 7 4 12 30 71 22 10 166 0 0 1 36 2 3 92 23 0 0 4 38 76 17 84 10 15 4 27 2 6 0 1 0 3 3 12 9 21 1 20 20 1 1 0 56 32 16 2 5 0 10 5 19 6 36 145 26 205 28 5 5 4 20 108 92 394 15 56 421 73 78 29 5675 2633 1158 54 115 72 22049 835 21974 709 424 1397 2 0 198 1498 111 267 610 652 6 9 375 236 96 148 327 506 6 26 622 24 202 13 124 34 20 2387 19944 1953 4192 261 404 268 10 26 67 1618 101 2360 211 54 3 24 69 3975 119
0 3 0 0 0 0 0 0 0 0 28 0 0 1 1 3 2 0 2 32 4 7 1 0 2 1 6 2 3 36 0 0 0 10 0 3 22 3 0 0 0 9 22 2 22 1 2 0 3 0 0 0 0 0 0 0 1 1 3 1 1 5 0 0 1 25 5 0 0 1 1 0 0 1 0 11 6904 2 2 10 8 0 0 6 17 185 8 1 2 7 7 15 17 22330 4996 4064 129 202 106 793 17 808 3 2 188 3 1 16 594 51 49 644 580 1 1 13 141 9717 209 167 9 5 23 242 0 386 147 1 3 2 4 1953 8347 3991 448 931 814 0 22 75 232 18 7 2 1 1 1 36 397 12
0 10 4 0 0 1 0 0 1 0 67 0 0 0 2 0 1 1 17 100 7 37 2 3 1 4 15 2 0 75 0 0 1 14 1 2 48 16 0 0 4 35 53 10 54 0 2 3 12 0 3 0 0 0 0 4 3 4 11 2 9 10 0 1 2 59 20 0 0 0 0 1 1 5 0 8 1282 1 2 9 9 3 0 6 85 198 7 7 0 8 7 12 21 9710 8993 2180 125 192 85 1106 29 2305 9 2 571 1 0 36 689 45 62 417 438 1 0 56 220 809 172 348 2 4 18 275 3 258 95 1 2 1 9 4192 3991 8050 132 426 562 0 24 52 1780 59 5 0 0 0 12 34 351 23
0 0 2 0 0 0 2 0 0 0 2 0 0 0 7 27 0 0 0 4 0 1 0 0 0 0 5 0 8 8 0 1 1 2 0 0 6 1 0 1 0 0 2 0 1 0 2 0 0 1 1 0 2 0 4 0 1 1 0 0 1 0 0 0 0 1 4 1 0 4 1 1 0 1 0 84 899 1 22 43 3 0 0 1 1 13 282 27 76 517 68 27 27 11525 238 2583 14 18 84 1244 44 300 166 58 30 2 0 4 480 31 19 4805 3196 4 14 19 70 79 135 10 224 0 23 252 17 180 3 140 57 31 30 261 448 132 12877 4364 70 16 23 66 28 7 90 115 18 2 2 1540 8255 1
0 3 4 0 1 0 2 1 0 1 43 0 0 0 8 27 2 3 5 43 2 23 1 3 4 6 22 4 5 58 0 0 1 17 1 4 41 10 0 0 1 7 38 6 26 2 0 6 9 0 3 0 0 0 4 0 1 0 9 0 2 8 0 0 2 28 4 1 0 0 0 1 1 9 0 85 750 2 49 47 6 5 0 3 9 162 284 29 81 415 65 21 27 4475 846 10968 115 151 84 725 113 311 123 50 114 6 2 4 242 25 32 10081 1735 5 12 29 212 788 1018 144 137 2 22 92 23 4107 59 162 63 30 56 404 931 426 4364 6208 287 20 49 63 81 18 64 121 20 2 4 189 1229 1
0 7 5 0 1 0 0 0 1 1 66 1 0 0 3 4 1 0 5 60 5 32 4 2 5 1 10 1 2 57 0 0 1 6 0 1 20 3 0 0 0 21 43 2 39 3 4 0 2 0 0 1 0 0 2 0 2 1 4 0 1 17 0 1 0 32 6 1 0 2 0 3 0 3 0 14 1344 0 2 10 15 8 4 3 38 1216 8 4 4 7 11 4 14 1782 2176 15145 8516 7026 71 88 16 163 4 1 187 5 1 2 234 18 7 389 374 0 0 9 454 7200 1175 2177 2 1 29 69 2 4966 2626 2 1 2 2 268 814 562 70 287 11154 1 41 99 332 50 6 2 0 5 7 42 133 3
12 0 1 1 14 57 5 2 0 0 0 3 0 9 59 203 0 1 0 0 0 0 0 12 0 0 2 0 0 6 1 0 0 1 0 1 1 1 0 2 0 0 0 0 0 1 1 0 1 0 0 0 12 4 20 0 0 0 0 0 0 0 5 0 2 1 4 0 0 1 1 1 0 0 0 402 0 2 15 527 33 5 3 1 1 0 463 497 730 2787 607 6 15 4 2 3 0 3 190 82 52 23 11 25 4 2 0 1 16 0 12 98 83 150 197 18 1 3 4 0 21 3 40 3 104 6 0 516 774 247 17 10 0 0 16 20 1 386 0 74 3 29 10 47 35 1 1 35 70 0
197 1 2 0 136 924 13 1 3 10 6 0 1 1 2 542 2 0 4 8 2 3 0 378 0 3 23 2 0 61 230 264 1 6 0 2 15 4 1 0 1 55 3 6 9 1 8 1 7 0 1 0 3 0 1 0 1 0 1 0 4 2 0 674 116 7 182 1 0 0 454 7 0 1 0 179 62 7 1 55 2392 22 10 52 49 70 3 9 2 12 52 4 12 91 113 63 69 40 5586 40 21 33 5 1 135 6539 8508 0 347 179 13 112 310 0 0 11 10826 288 1075 110 0 38 25 53 3 52 20 0 1 1 8 26 22 24 23 49 41 0 6393 2524 38 1656 2 1 1 1753 42 31 61 3
68 4 4 0 67 171 2 0 2 3 11 0 0 5 19 209 1 0 2 7 2 3 0 51 1 5 28 3 2 68 27 17 3 2 1 6 19 3 1 2 1 14 8 0 8 0 6 1 4 0 2 0 2 3 1 0 2 1 1 0 4 1 2 67 29 17 30 3 0 0 67 10 2 3 0 1272 113 2 19 159 240 4 2 14 8 109 151 1598 140 73 182 10 133 234 270 122 94 26 12785 80 61 85 8 18 111 124 91 2 292 68 27 196 383 192 29 24 2576 600 640 146 14 15 714 187 187 73 47 13 12 28 14 67 75 52 66 63 99 74 2524 19399 49 82 4 13 16 101 28 65 119 1
5 72 11 0 1 8 4 0 11 11 411 4 0 9 21 54 11 9 88 476 52 216 28 20 20 32 154 9 15 566 0 1 8 148 12 21 352 95 0 0 12 265 299 77 393 3 24 24 96 4 23 4 11 0 5 6 40 13 88 7 43 77 0 4 22 477 144 9 0 4 3 26 9 53 9 19 83 13 10 19 193 220 119 234 1314 4726 15 3 1 13 130 32 26 692 3837 274 1105 961 56 537 61 1124 9 4 9773 10 3 86 859 90 125 285 281 0 0 120 1774 351 149 8467 3 96 15 420 3 125 34 3 0 1 29 1618 232 1780 28 81 332 3 38 49 18923 585 9 4 0 1 1005 39 359 64
140 3 789 34 244 1214 522 432 74 28 33 49 7 62 463 4109 11 17 11 34 2 11 5 154 15 99 222 171 274 754 22 111 10 61 9 8 62 51 3 8 19 117 23 26 22 86 446 7 31 12 3 0 73 43 178 5 13 3 4 0 9 6 20 72 48 45 470 56 8 75 92 64 4 27 4 437 8 3771 28 593 14052 4146 4494 2744 2200 108 136 63 36 219 7196 17 17 75 244 33 48 322 236 124 193 1187 346 294 3705 1633 532 40 391 26 93 106 164 7 4 103 4489 78 112 258 119 4123 14 96 31 29 6 17 33 52 31 101 18 59 7 18 50 29 1656 82 585 13296 157 20 65 3029 859 10 125 39
4 1 535 51 1 3 3 15 30 7 4 30 2 3 23 89 8 6 12 5 2 0 2 3 35 292 417 482 107 490 0 0 22 46 1 28 15 25 0 1 23 17 8 13 4 165 174 1 31 21 0 0 9 1 4 14 14 0 0 0 1 1 1 1 3 8 50 183 6 16 0 14 1 12 22 21 4 488 3777 24 11 10 7 30 2 4 856 32 52 496 226 451 36 296 13 62 1 2 11 3108 6492 6531 21159 2377 83 2 2 103 235 26 88 195 174 4 4 438 10 12 9 3 2824 63 17 248 129 14 1 128 24 46 254 2360 7 5 90 64 6 10 2 4 9 157 13089 286 212 0 9 47 783 43
1 0 60 4 1 5 36 51 0 0 0 8 0 3 91 901 1 0 7 0 0 0 0 0 2 7 26 15 310 41 0 0 1 1 1 1 1 3 0 1 0 0 0 0 1 11 20 1 3 2 0 0 12 0 58 1 1 0 0 0 1 0 1 0 1 0 4 5 25 131 0 1 0 0 0 94 3 77 2373 29 4 54 30 5 0 1 16620 94 677 8797 4277 67 122 60 4 49 1 0 47 1075 644 469 339 8223 72 1 0 4 121 3 129 748 608 31 83 200 5 8 23 2 758 40 40 21 475 28 3 8985 59 908 180 211 2 0 115 121 2 47 1 13 4 20 286 15298 1414 0 4 219 698 4
3 1 489 18 0 2 57 351 3 3 0 39 0 9 90 2646 2 7 5 2 0 0 1 4 13 13 55 30 1655 117 1 0 0 3 0 2 5 6 0 8 3 3 0 0 1 83 214 0 3 2 0 0 11 2 69 2 6 0 0 0 2 0 0 0 0 3 39 14 96 360 0 1 0 3 2 93 2 465 964 110 16 9 71 4 1 1 1593 79 140 8979 10149 222 273 59 1 12 0 0 38 267 71 767 248 16202 98 0 0 6 20 1 14 58 31 30 30 49 4 1 4 0 1929 31 90 15 270 1 0 431 161 5319 12 54 1 0 18 20 0 35 1 16 0 65 212 1414 18839 0 5 11 134 3
545 0 0 0 499 1597 18 5 3 11 1 0 1 7 20 1371 0 1 0 0 2 1 1 487 0 0 0 2 0 19 246 167 0 2 0 0 1 0 0 1 0 54 0 5 6 0 11 4 1 1 0 0 5 2 1 0 0 0 0 0 0 3 0 598 240 0 159 0 0 1 652 4 0 2 0 548 5 6 0 127 7533 5 1 9 16 2 0 8 1 17 225 0 0 6 7 2 2 6 178 2 2 1 0 1 15 3288 528 0 25 10 1 6 13 1 0 1 1301 9 80 9 1 6 3 4 2 2 0 1 0 1 1 3 1 0 2 2 5 1 1753 101 1 3029 0 0 0 1743 3 1 2 0
4 3 62 3 4 10 21 6 9 7 14 6 1 8 42 177 4 12 11 14 5 6 4 11 7 38 240 31 32 472 0 0 10 84 11 6 99 57 0 0 17 31 5 31 8 16 79 18 30 7 5 1 7 5 25 4 9 1 2 2 9 1 0 4 14 17 70 31 2 12 0 34 5 22 4 4 2 45 2 22 801 1050 825 2876 114 7 32 0 2 11 625 6 9 21 17 3 12 24 36 22 20 249 4 6 6692 26 11 10 155 13 27 58 69 0 2 20 141 16 51 54 4 3366 5 52 3 15 1 1 6 2 9 24 1 12 2 4 7 1 42 28 1005 859 9 4 5 3 4270 8 57 6
1 1 4 0 1 1 2 0 0 1 15 0 0 2 6 24 1 2 3 9 1 4 0 1 1 7 23 4 3 41 0 1 0 9 0 1 15 9 0 0 0 3 5 3 6 3 3 2 3 0 0 0 0 0 2 0 0 2 0 0 1 0 0 0 0 5 1 3 0 1 0 0 2 4 0 110 31 1 112 42 8 4 1 6 2 38 506 53 102 377 129 20 23 614 122 112 38 20 77 1217 425 206 94 74 61 3 1 4 336 12 116 5897 9650 17 13 94 108 176 3620 62 124 4 11 27 38 118 22 168 71 29 230 69 36 34 1540 189 42 35 31 65 39 10 47 219 11 1 8 3288 3865 3
1 17 36 1 1 7 7 8 7 1 53 2 0 4 36 108 4 5 18 62 17 31 2 3 8 39 121 26 38 266 1 1 6 63 6 10 138 49 0 1 4 33 51 32 36 14 30 8 28 1 14 0 4 1 19 4 7 0 17 2 12 13 0 1 7 41 37 29 1 9 0 16 3 22 1 277 467 34 315 153 9 2 3 30 48 282 1498 122 335 2080 346 81 99 6208 1482 1100 166 59 189 20139 2151 3941 987 485 744 4 1 140 19799 148 1350 5458 29310 22 38 808 336 1770 804 299 969 23 67 1241 102 178 86 618 197 150 2150 3975 397 351 8255 1229 133 70 61 119 359 125 783 698 134 2 57 3865 29175 103
0 0 23 0 0 1 0 0 1 0 2 0 0 0 0 2 1 0 0 2 0 1 0 0 2 6 44 26 4 38 0 0 0 5 2 2 5 5 0 0 0 3 1 0 1 9 3 1 4 0 2 0 0 0 2 2 1 0 0 0 2 0 0 0 2 0 7 10 1 1 0 3 0 3 0 3 0 20 35 2 0 1 0 8 13 8 25 1 1 8 16 31 4 164 60 0 1 8 2 140 185 319 26 10 210 0 0 1904 2590 161 2329 12 23 0 1 1545 8 7 1 8 17 9 2 99 28 1 0 2 3 4 17 119 12 23 1 1 3 0 3 1 64 39 43 4 3 0 6 3 103 2090
